coc_number,coc_name,sheltered_total_homeless_individuals_2017,unsheltered_homeless_Individuals_2017,homeless_individuals,sheltered_total_homeless_people_in_families_2017,unsheltered_homeless_people_in_families_2017,homeless_people_in_families,sheltered_homeless,unsheltered_homeless,sheltered_total_homeless_veterans_2017,unsheltered_homeless_veterans_2017,homeless_veterans,sheltered_total_homeless_unaccompanied_youth_under_25_2017,sheltered_total_homeless_unaccompanied_youth_under_25_2017,homeless_unacompanied_youth,total_homeless,es_sh_th_avg_days,total_persons_returns_in_6_mths,total_persons_returns_in_12_mths_should_include_the_6_month_cohort,total_persons_returns_in_24_mths_should_include_both_the_6_and_12_month_cohort,percent_with_successful_es_th_sh_ph_rrh_exit,percent_with_successful_ph_retention_or_exit,,amount
AK-500,Anchorage CoC,693,155,848,280,0,280,973,155,57,12,69,101,14,115,1128,65,131,171,236,14%,87%,116,3234396.66
AK-501,Alaska Balance of State CoC,367,139,506,211,0,211,578,139,38,17,55,41,6,47,717,67,13,24,34,38%,81%,141,3399648.24
AL-500,"Birmingham/Jefferson, St. Clair, Shelby Counties CoC",715,217,932,160,0,160,875,217,29,11,40,80,45,125,1092,67,205,303,392,23%,94%,92,10247170.38
AL-501,Mobile City & County/Baldwin County CoC,179,247,426,162,18,180,341,265,50,26,76,9,9,18,606,47,25,44,50,15%,95%,65,4339515.91
AL-502,Florence/Northwest Alabama CoC,133,22,155,0,0,0,133,22,3,8,11,7,1,8,155,0,0,0,0,82%,NA,24,753249
AL-503,Huntsville/North Alabama CoC,230,97,327,107,2,109,337,99,23,4,27,25,5,30,436,115,12,17,27,81%,90%,64,816078.75
AL-504,Montgomery City & County CoC,225,59,284,89,4,93,314,63,53,2,55,23,0,23,377,97,51,72,98,28%,94%,45,2433805.02
AL-505,Gadsden/Northeast Alabama CoC,70,60,130,33,0,33,103,60,1,3,4,18,2,20,163,NA,NA,NA,NA,NA,NA,43,350000
AL-506,Tuscaloosa City & County CoC,77,63,140,60,0,60,137,63,34,7,41,3,28,31,200,248,7,15,23,62%,99%,24,565554.3
AL-507,Alabama Balance of State CoC,321,270,591,95,78,173,416,348,9,6,15,17,22,39,764,310,2,2,4,0%,94%,6,81553
AR-500,Little Rock/Central Arkansas CoC,374,518,892,82,32,114,456,550,67,54,121,37,38,75,1006,71,47,74,130,50%,97%,226,3405157.34
AR-501,Fayetteville/Northwest Arkansas CoC,140,95,235,95,0,95,235,95,29,17,46,8,4,12,330,102,10,10,16,26%,58%,66,276544.96
AR-503,Arkansas  Balance of State  CoC,320,441,761,94,20,114,414,461,20,13,33,26,75,101,875,57,28,35,55,25%,94%,110,496581
AR-505,Southeast Arkansas CoC,49,0,49,39,0,39,88,0,2,0,2,13,0,13,88,52,12,17,25,27%,100%,0,649805.42
AR-508,Fort Smith CoC,54,77,131,26,11,37,80,88,12,25,37,3,4,7,168,71,8,17,21,14%,NA,71,124485
AR-512,"Boone, Baxter, Marion, Newton Counties CoC",0,0,0,0,0,0,0,0,0,0,0,0,0,0,0,NA,NA,NA,NA,NA,NA,.,0
AZ-500,Arizona Balance of State CoC,782,652,1434,264,70,334,1046,722,113,125,238,78,47,125,1768,69,118,178,278,42%,94%,388,3179976.5
AZ-501,Tucson/Pima County CoC,864,385,1249,325,0,325,1189,385,187,56,243,88,45,133,1574,89,394,531,709,46%,94%,225,9458778.42
AZ-502,"Phoenix, Mesa/Maricopa County CoC",1777,2028,3805,1769,31,1800,3546,2059,341,148,489,179,141,320,5605,97,618,989,1420,33%,93%,939,32427185.41
CA-500,San Jose/Santa Clara City & County CoC,1167,5152,6319,779,296,1075,1946,5448,208,452,660,94,2436,2530,7394,124,126,197,261,28%,93%,2097,19929733.49
CA-501,San Francisco CoC,1924,4333,6257,581,20,601,2505,4353,328,356,684,150,1124,1274,6858,590,51,73,87,69%,97%,2138,34240917.43
CA-502,"Oakland, Berkeley/Alameda County CoC",1081,3837,4918,685,26,711,1766,3863,153,378,531,253,738,991,5629,170,184,290,433,46%,97%,1707,34633423.39
CA-503,Sacramento City & County CoC,1041,2035,3076,572,17,589,1613,2052,142,327,469,87,118,205,3665,121,312,456,721,42%,97%,1126,19190640.09
CA-504,"Santa Rosa, Petaluma/Sonoma County CoC",669,1840,2509,319,7,326,988,1847,66,145,211,49,483,532,2835,112,70,128,182,41%,92%,598,2852244.51
CA-505,Richmond/Contra Costa County CoC,512,840,1352,184,71,255,696,911,50,49,99,30,31,61,1607,135,78,115,178,58%,97%,331,9886950.51
CA-506,"Salinas/Monterey, San Benito Counties CoC",421,2298,2719,429,216,645,850,2514,67,56,123,38,589,627,3364,194,46,72,88,44%,97%,902,2945012
CA-507,Marin County CoC,239,678,917,170,30,200,409,708,27,67,94,12,115,127,1117,180,42,65,79,47%,96%,359,3443484.84
CA-508,Watsonville/Santa Cruz City & County CoC,216,1630,1846,234,169,403,450,1799,19,217,236,13,573,586,2249,205,10,32,48,44%,100%,600,1783390.29
CA-509,Mendocino County CoC,112,1067,1179,48,11,59,160,1078,11,13,24,19,23,42,1238,112,9,10,16,11%,91%,97,1507020
CA-510,"Turlock, Modesto/Stanislaus County CoC",508,748,1256,332,73,405,840,821,42,58,100,36,67,103,1661,88,63,93,135,26%,98%,178,2053789.34
CA-511,Stockton/San Joaquin County CoC,467,549,1016,508,18,526,975,567,77,32,109,38,29,67,1542,54,92,141,194,14%,95%,254,5010597
CA-512,Daly/San Mateo County CoC,260,562,822,356,75,431,616,637,48,57,105,19,11,30,1253,98,82,120,160,46%,96%,234,9509814.03
CA-513,"Visalia/Kings, Tulare Counties CoC",249,483,732,105,16,121,354,499,15,30,45,30,26,56,853,73,49,79,116,31%,94%,251,4683623.22
CA-514,Fresno City & County/Madera County CoC,213,1529,1742,274,0,274,487,1529,88,123,211,33,68,101,2016,78,71,93,135,69%,91%,692,7917642.02
CA-515,"Roseville, Rocklin/Placer, Nevada Counties CoC",337,435,772,184,23,207,521,458,20,24,44,25,41,66,979,115,63,97,132,31%,89%,232,1187479.1
CA-516,"Redding/Shasta, Siskiyou, Lassen, Plumas, Del Norte, Modoc, Sierra Counties CoC",355,366,721,175,38,213,530,404,43,60,103,38,30,68,934,890,0,0,0,55%,100%,341,267387.46
CA-517,Napa City & County CoC,117,116,233,82,0,82,199,116,8,9,17,7,16,23,315,129,38,71,96,42%,98%,134,575105.35
CA-518,Vallejo/Solano County CoC,184,886,1070,131,31,162,315,917,51,105,156,31,179,210,1232,142,17,28,33,46%,91%,434,1796451
CA-519,"Chico, Paradise/Butte County CoC",309,688,997,141,57,198,450,745,30,80,110,26,42,68,1195,86,48,71,104,24%,95%,531,568408.9
CA-520,Merced City & County CoC,152,295,447,4,3,7,156,298,0,17,17,0,23,23,454,63,4,7,14,8%,93%,120,508102
CA-521,"Davis, Woodland/Yolo County CoC",114,204,318,136,5,141,250,209,10,18,28,9,9,18,459,109,26,54,61,51%,98%,174,573995.82
CA-522,Humboldt County CoC,266,401,667,59,33,92,325,434,51,40,91,38,44,82,759,124,19,37,86,45%,90%,310,1943061.12
CA-523,"Colusa, Glenn, Trinity Counties CoC",16,102,118,27,31,58,43,133,0,12,12,0,7,7,176,0,0,0,0,25%,NA,34,0
CA-524,Yuba City & County/Sutter County CoC,172,385,557,115,88,203,287,473,20,27,47,12,20,32,760,163,3,3,3,61%,NA,150,14980
CA-525,El Dorado County CoC,88,358,446,18,138,156,106,496,15,82,97,8,22,30,602,138,8,11,13,25%,100%,241,457836
CA-526,"Amador, Calaveras, Mariposa, Tuolumne Counties CoC",39,220,259,64,44,108,103,264,10,10,20,6,19,25,367,74,12,18,34,64%,92%,71,410907.48
CA-527,Tehama County CoC,47,56,103,21,0,21,68,56,8,1,9,1,1,2,124,35,0,0,0,32%,NA,61,0
CA-529,Lake County CoC,10,284,294,18,89,107,28,373,0,23,23,0,16,16,401,NA,NA,NA,NA,NA,NA,178,350000
CA-530,"Alpine, Inyo, Mono Counties CoC",3,99,102,2,17,19,5,116,0,13,13,0,5,5,121,16,3,3,3,45%,NA,31,3091
CA-600,Los Angeles City & County CoC,7374,37212,44586,6598,1258,7856,13972,38470,1070,3370,4440,1010,1657,2667,52442,388,652,1036,1576,44%,96%,16249,119415035.9
CA-601,San Diego City and County CoC,2243,5328,7571,1296,293,1589,3539,5621,613,454,1067,277,883,1160,9160,146,678,964,1321,43%,95%,2176,27699726.92
CA-602,"Santa Ana, Anaheim/Orange County CoC",1009,2518,3527,1199,66,1265,2208,2584,48,357,405,53,75,128,4792,117,87,122,202,49%,99%,893,19224517.43
CA-603,Santa Maria/Santa Barbara County CoC,683,739,1422,284,154,438,967,893,51,49,100,47,98,145,1860,116,109,153,234,33%,96%,226,1762706.92
CA-604,Bakersfield/Kern County CoC,366,257,623,175,12,187,541,269,62,28,90,31,22,53,810,116,127,214,261,56%,97%,289,5577776.37
CA-606,Long Beach CoC,495,1151,1646,160,57,217,655,1208,208,110,318,15,49,64,1863,110,36,47,75,56%,90%,694,12889726.92
CA-607,Pasadena CoC,128,337,465,100,10,110,228,347,11,19,30,8,28,36,575,103,3,6,15,14%,96%,202,2244448.88
CA-608,Riverside City & County CoC,538,1634,2172,230,4,234,768,1638,57,91,148,75,182,257,2406,72,232,353,491,44%,97%,418,11463860.14
CA-609,San Bernardino City & County CoC,297,1135,1432,390,44,434,687,1179,50,111,161,44,122,166,1866,82,197,303,460,57%,98%,441,8027553.84
CA-611,"Oxnard, San Buenaventura/Ventura County CoC",346,623,969,142,41,183,488,664,30,50,80,33,25,58,1152,166,11,24,41,58%,100%,385,1968291.16
CA-612,Glendale CoC,27,45,72,84,12,96,111,57,0,4,4,1,0,1,168,149,1,2,2,51%,94%,67,2678687.52
CA-613,Imperial County CoC,60,974,1034,68,52,120,128,1026,0,21,21,4,20,24,1154,73,34,78,95,91%,NA,105,129600.5
CA-614,San Luis Obispo County CoC,168,809,977,135,13,148,303,822,8,76,84,9,187,196,1125,76,13,20,24,14%,86%,282,597260.91
CO-500,Colorado Balance of State CoC,968,1600,2568,543,908,1451,1511,2508,141,191,332,75,165,240,4019,159,68,104,154,61%,95%,807,1471081
CO-503,Metropolitan Denver CoC,3201,830,4031,1411,64,1475,4612,894,476,72,548,309,127,436,5506,205,660,885,1103,39%,96%,1083,30965323.19
CO-504,Colorado Springs/El Paso County CoC,550,422,972,408,35,443,958,457,126,72,198,44,43,87,1415,108,129,209,276,29%,92%,374,1967996.15
CT-503,"Bridgeport, Stamford, Norwalk/Fairfield County CoC",348,82,430,348,0,348,696,82,46,2,48,28,19,47,778,133,81,141,209,56%,97%,52,6801433.22
CT-505,Connecticut Balance of State CoC,1448,330,1778,828,4,832,2276,334,131,12,143,78,45,123,2610,122,426,667,921,44%,98%,368,35300919.33
DC-500,District of Columbia CoC,2686,897,3583,3890,0,3890,6576,897,250,35,285,194,34,228,7473,204,366,603,901,65%,98%,1881,26771945.72
DE-500,Delaware Statewide CoC,563,52,615,373,6,379,936,58,85,6,91,43,2,45,994,75,131,196,277,41%,96%,127,8635011
FL-500,"Sarasota, Bradenton/Manatee, Sarasota Counties CoC",597,605,1202,188,57,245,785,662,77,72,149,58,27,85,1447,65,145,204,258,25%,88%,285,2004733
FL-501,Tampa/Hillsborough County CoC,518,552,1070,464,15,479,982,567,123,49,172,21,22,43,1549,99,162,234,364,53%,91%,235,7241044.6
FL-502,"St. Petersburg, Clearwater, Largo/Pinellas County CoC",1314,1152,2466,365,0,365,1679,1152,263,66,329,88,30,118,2831,76,717,901,1090,32%,92%,690,10964942.63
FL-503,"Lakeland, Winterhaven/Polk County CoC",195,147,342,168,2,170,363,149,18,17,35,17,7,24,512,79,67,108,162,29%,88%,77,891764.25
FL-504,"Daytona Beach, Daytona/Volusia, Flagler Counties CoC",122,433,555,183,15,198,305,448,23,29,52,19,18,37,753,73,96,114,154,51%,93%,88,1507600.99
FL-505,"Fort Walton Beach/Okaloosa, Walton Counties CoC",14,233,247,116,38,154,130,271,6,21,27,4,13,17,401,78,18,21,37,66%,100%,112,574187
FL-506,Tallahassee/Leon County CoC,688,122,810,262,0,262,950,122,100,10,110,61,22,83,1072,88,158,231,302,29%,89%,117,3054456
FL-507,"Orlando/Orange, Osceola, Seminole Counties CoC",1026,316,1342,708,24,732,1734,340,207,11,218,86,9,95,2074,105,319,443,604,40%,95%,194,14117317.6
FL-508,"Gainesville/Alachua, Putnam Counties CoC",258,441,699,115,5,120,373,446,68,58,126,42,7,49,819,48,107,161,206,48%,91%,291,1578854.3
FL-509,"Fort Pierce/St. Lucie, Indian River, Martin Counties CoC",65,685,750,118,864,982,183,1549,0,72,72,27,76,103,1732,112,45,61,80,88%,93%,57,1752215.53
FL-510,"Jacksonville-Duval, Clay Counties CoC",1012,432,1444,425,0,425,1437,432,100,25,125,89,37,126,1869,132,42,75,133,33%,92%,319,5159188.5
FL-511,"Pensacola/Escambia, Santa Rosa Counties CoC",369,250,619,132,7,139,501,257,76,41,117,33,10,43,758,137,57,95,140,26%,84%,135,1524103
FL-512,St. Johns County CoC,47,248,295,132,18,150,179,266,7,33,40,0,16,16,445,89,33,45,50,49%,100%,42,175345
FL-513,"Palm Bay, Melbourne/Brevard County CoC",345,238,583,247,15,262,592,253,171,39,210,41,14,55,845,182,43,76,111,75%,95%,167,3131666.5
FL-514,Ocala/Marion County CoC,183,416,599,107,19,126,290,435,60,12,72,30,24,54,725,3,8,12,24,38%,69%,147,1202525
FL-515,"Panama City/Bay, Jackson Counties CoC",129,156,285,14,37,51,143,193,15,19,34,43,0,43,336,29,30,48,77,16%,100%,38,455015
FL-517,"Hendry, Hardee, Highlands Counties CoC",9,368,377,82,150,232,91,518,0,16,16,0,62,62,609,177,0,0,0,63%,NA,283,3627
FL-518,"Columbia, Hamilton, Lafayette, Suwannee Counties CoC",46,326,372,53,77,130,99,403,26,17,43,11,33,44,502,75,178,184,187,54%,100%,38,645581.47
FL-519,Pasco County CoC,113,725,838,65,1690,1755,178,2415,45,175,220,12,317,329,2593,0,0,0,0,NA,NA,847,839186
FL-520,"Citrus, Hernando, Lake, Sumter Counties CoC",138,306,444,144,47,191,282,353,29,28,57,12,14,26,635,125,41,51,67,44%,92%,40,380814.71
FL-600,Miami-Dade County CoC,1535,1011,2546,1175,0,1175,2710,1011,158,9,167,101,40,141,3721,135,626,862,1129,59%,99%,309,28049835.97
FL-601,Ft Lauderdale/Broward County CoC,1107,930,2037,386,27,413,1493,957,92,105,197,127,27,154,2450,93,323,459,627,45%,97%,581,7599882.16
FL-602,Punta Gorda/Charlotte County CoC,64,101,165,25,32,57,89,133,53,2,55,3,4,7,222,72,44,64,89,91%,91%,33,444446.22
FL-603,"Ft Myers, Cape Coral/Lee County CoC",142,175,317,102,12,114,244,187,4,9,13,18,5,23,431,135,63,104,134,54%,86%,65,1646059.27
FL-604,Monroe County CoC,292,289,581,47,3,50,339,292,57,30,87,18,8,26,631,125,55,88,99,18%,83%,83,585776
FL-605,West Palm Beach/Palm Beach County CoC,226,1055,1281,300,26,326,526,1081,39,26,65,36,63,99,1607,89,159,241,356,67%,96%,252,6387730.7
FL-606,Naples/Collier County CoC,377,125,502,57,62,119,434,187,4,5,9,78,39,117,621,147,7,8,9,32%,100%,90,282194.43
GA-500,Atlanta CoC,2422,667,3089,469,14,483,2891,681,321,65,386,181,18,199,3572,145,344,546,757,31%,92%,346,26455513.72
GA-501,Georgia Balance of State CoC,515,1704,2219,1328,169,1497,1843,1873,40,117,157,72,105,177,3716,125,186,314,450,57%,92%,242,3842336.01
GA-502,Fulton County CoC,133,84,217,70,6,76,203,90,18,1,19,3,4,7,293,216,21,31,50,55%,90%,2,502995.38
GA-503,Athens-Clarke County CoC,89,93,182,57,0,57,146,93,5,4,9,6,5,11,239,127,23,39,53,62%,92%,53,111497.63
GA-504,Augusta-Richmond County CoC,170,47,217,29,0,29,199,47,39,5,44,2,2,4,246,122,33,44,53,15%,97%,30,509596.89
GA-505,Columbus-Muscogee/Russell County CoC,172,73,245,74,0,74,246,73,12,5,17,11,2,13,319,112,19,28,36,51%,88%,21,1328113
GA-506,Marietta/Cobb County CoC,132,104,236,153,14,167,285,118,7,14,21,7,2,9,403,62,41,60,87,48%,93%,53,3262144.3
GA-507,Savannah/Chatham County CoC,388,363,751,175,0,175,563,363,11,27,38,41,46,87,926,69,76,103,135,28%,97%,234,2784195.97
GA-508,DeKalb County CoC,81,185,266,194,0,194,275,185,13,8,21,5,14,19,460,177,7,20,49,77%,94%,47,3868252.38
GU-500,Guam CoC,17,198,215,70,567,637,87,765,4,20,24,0,1,1,852,66,11,23,38,48%,91%,64,1367032.88
HI-500,Hawaii Balance of State CoC,245,1178,1423,540,298,838,785,1476,23,143,166,6,103,109,2261,135,119,200,296,50%,92%,641,441507
HI-501,Honolulu City and County CoC,1013,2099,3112,1622,225,1847,2635,2324,214,235,449,50,160,210,4959,227,308,474,626,60%,95%,1159,12236619.68
IA-500,"Sioux City/Dakota, Woodbury Counties CoC",157,2,159,129,0,129,286,2,11,1,12,6,0,6,288,98,1,8,8,53%,47%,17,-20195.75
IA-501,Iowa Balance of State CoC,757,50,807,985,0,985,1742,50,70,11,81,92,3,95,1792,105,186,326,493,45%,91%,107,6877957.38
IA-502,Des Moines/Polk County CoC,482,52,534,142,0,142,624,52,72,6,78,38,1,39,676,65,159,238,358,29%,91%,75,7570954.81
ID-500,Boise/Ada County CoC,574,97,671,148,14,162,722,111,112,12,124,48,5,53,833,88,16,27,34,20%,99%,327,3883122.01
ID-501,Idaho Balance of State CoC,283,355,638,393,173,566,676,528,47,57,104,41,19,60,1204,98,103,172,246,61%,95%,109,786441
IL-500,McHenry County CoC,82,5,87,68,0,68,150,5,24,0,24,15,0,15,155,206,7,9,15,50%,84%,5,1223752.69
IL-501,"Rockford/Winnebago, Boone Counties CoC",146,32,178,113,0,113,259,32,20,3,23,10,3,13,291,64,6,15,33,48%,96%,31,1755884.15
IL-502,"Waukegan, North Chicago/Lake County CoC",95,27,122,106,0,106,201,27,5,3,8,6,1,7,228,75,66,138,172,41%,95%,18,955344.09
IL-503,"Champaign, Urbana, Rantoul/Champaign County CoC",87,13,100,56,4,60,143,17,3,3,6,16,0,16,160,88,15,23,35,49%,55%,11,477200.32
IL-504,Madison County CoC,33,18,51,122,3,125,155,21,6,4,10,3,0,3,176,152,7,10,20,54%,95%,28,912759.57
IL-506,"Joliet, Bolingbrook/Will County CoC",154,31,185,97,0,97,251,31,17,1,18,11,2,13,282,66,16,35,53,18%,97%,24,5892896
IL-507,"Peoria, Pekin/Fulton, Tazewell, Peoria, Woodford Counties CoC",204,36,240,89,0,89,293,36,32,0,32,14,9,23,329,72,2,17,41,44%,98%,73,5769578.21
IL-508,"East St. Louis, Belleville/St. Clair County CoC",56,118,174,98,28,126,154,146,24,12,36,2,3,5,300,140,1,9,12,62%,96%,21,3158727.89
IL-509,Dekalb City & County CoC,48,3,51,39,0,39,87,3,2,0,2,3,0,3,90,86,6,13,17,81%,94%,0,547270.61
IL-510,Chicago CoC,2165,1559,3724,1931,2,1933,4096,1561,283,245,528,213,64,277,5657,124,661,985,1380,26%,97%,863,64889903.2
IL-511,Cook County CoC,419,89,508,269,3,272,688,92,50,3,53,40,3,43,780,87,105,139,172,36%,96%,107,9492919.75
IL-512,Bloomington/Central Illinois CoC,233,20,253,159,21,180,392,41,18,3,21,53,0,53,433,107,20,37,46,44%,98%,52,3301151.35
IL-513,Springfield/Sangamon County CoC,160,11,171,59,0,59,219,11,14,2,16,8,0,8,230,74,116,134,153,26%,93%,29,602439
IL-514,DuPage County CoC,190,15,205,126,0,126,316,15,8,0,8,48,0,48,331,105,55,65,77,39%,97%,36,2580200.71
IL-515,South Central Illinois CoC,20,24,44,56,8,64,76,32,3,0,3,3,3,6,108,22,10,26,29,46%,100%,5,902088
IL-516,Decatur/Macon County CoC,91,16,107,23,0,23,114,16,9,2,11,5,0,5,130,133,4,7,9,26%,95%,23,852549.03
IL-517,"Aurora, Elgin/Kane County CoC",241,25,266,94,0,94,335,25,21,0,21,14,0,14,360,192,44,69,91,27%,100%,63,1728794.79
IL-518,"Rock Island, Moline/Northwestern Illinois CoC",123,9,132,111,0,111,234,9,22,2,24,32,1,33,243,171,14,20,29,61%,85%,0,1044127.26
IL-519,West Central Illinois CoC,49,0,49,31,0,31,80,0,1,0,1,9,0,9,80,56,22,44,59,50%,100%,1,633699
IL-520,Southern Illinois CoC,163,84,247,135,53,188,298,137,13,6,19,87,49,136,435,71,27,41,47,37%,93%,85,615623.62
IN-502,Indiana Balance of State CoC,1925,415,2340,1287,28,1315,3212,443,256,31,287,189,32,221,3655,87,431,666,944,44%,93%,330,9635101.92
IN-503,Indianapolis CoC,1157,126,1283,500,0,500,1657,126,313,15,328,63,10,73,1783,97,110,184,306,42%,94%,207,11274479.12
KS-502,Wichita/Sedgwick County CoC,284,111,395,180,0,180,464,111,37,20,57,16,6,22,575,82,100,156,210,25%,90%,39,2795012.63
KS-503,Topeka/Shawnee County CoC,213,34,247,109,0,109,322,34,54,7,61,5,0,5,356,1048,1,2,2,100%,95%,119,1775949.62
KS-505,"Overland Park, Shawnee/Johnson County CoC",17,17,34,96,0,96,113,17,1,0,1,3,6,9,130,107,0,1,4,79%,95%,3,325899.83
KS-507,Kansas Balance of State CoC,466,142,608,429,0,429,895,142,64,10,74,39,11,50,1037,311,230,312,375,36%,88%,135,2178952.79
KY-500,Kentucky Balance of State CoC,880,446,1326,535,79,614,1415,525,136,25,161,94,41,135,1940,72,193,269,366,55%,92%,164,10627236.24
KY-501,Louisville-Jefferson County CoC,620,149,769,263,2,265,883,151,151,15,166,48,5,53,1034,64,246,332,413,20%,97%,123,9701142.73
KY-502,Lexington-Fayette County CoC,886,51,937,114,0,114,1000,51,158,4,162,52,13,65,1051,56,86,156,208,20%,98%,118,2586261
LA-500,Lafayette/Acadiana CoC,147,79,226,114,17,131,261,96,30,6,36,2,2,4,357,98,41,59,87,78%,97%,49,2337462
LA-502,"Shreveport, Bossier/Northwest Louisiana CoC",199,47,246,103,0,103,302,47,82,1,83,14,0,14,349,76,80,124,152,29%,95%,31,4607222.91
LA-503,New Orleans/Jefferson Parish CoC,641,517,1158,135,8,143,776,525,96,17,113,88,30,118,1301,44,58,166,234,72%,98%,404,21759807.8
LA-505,Monroe/Northeast Louisiana CoC,51,25,76,109,0,109,160,25,4,1,5,13,3,16,185,64,11,16,25,72%,95%,13,2404157
LA-506,Slidell/Southeast Louisiana CoC,136,55,191,23,34,57,159,89,40,8,48,10,3,13,248,134,0,2,7,47%,97%,26,1380088.93
LA-507,Alexandria/Central Louisiana CoC,66,61,127,32,0,32,98,61,11,5,16,0,2,2,159,90,9,10,16,83%,88%,20,419147.31
LA-509,Louisiana Balance of State CoC,407,128,535,167,4,171,574,132,66,16,82,59,10,69,706,73,46,65,91,37%,93%,75,1063471.97
MA-500,Boston CoC,2306,186,2492,3643,0,3643,5949,186,225,8,233,183,7,190,6135,111,307,449,571,70%,97%,769,15636543.34
MA-502,Lynn CoC,106,45,151,425,6,431,531,51,0,0,0,2,0,2,582,370,10,16,19,50%,99%,57,34369753.67
MA-503,Cape Cod Islands CoC,106,39,145,179,0,179,285,39,14,6,20,5,7,12,324,136,12,19,27,39%,90%,47,1336348.93
MA-504,Springfield/Hampden County CoC,317,53,370,1941,0,1941,2258,53,12,2,14,25,10,35,2311,132,19,31,90,43%,93%,132,840500.05
MA-505,New Bedford CoC,125,49,174,178,0,178,303,49,43,3,46,8,2,10,352,92,17,26,51,49%,100%,30,3247910.25
MA-506,Worcester City & County CoC,454,130,584,917,6,923,1371,136,154,7,161,49,10,59,1507,158,127,193,277,43%,95%,89,1967412
MA-507,"Pittsfield/Berkshire, Franklin, Hampshire Counties CoC",365,55,420,137,0,137,502,55,209,4,213,22,6,28,557,100,20,51,85,36%,93%,79,7761553.06
MA-508,Lowell CoC,170,12,182,476,0,476,646,12,32,0,32,14,0,14,658,183,15,18,29,27%,99%,6,4037209
MA-509,Cambridge CoC,328,67,395,135,0,135,463,67,9,4,13,28,2,30,530,135,3,6,9,12%,98%,181,833056
MA-510,"Gloucester, Haverhill, Salem/Essex County CoC",181,47,228,519,0,519,700,47,26,4,30,19,1,20,747,174,10,21,51,39%,91%,195,4015983.69
MA-511,"Quincy, Brockton, Weymouth, Plymouth City and County CoC",309,50,359,750,0,750,1059,50,40,5,45,14,1,15,1109,162,40,68,91,27%,99%,143,2023150.28
MA-515,Fall River CoC,43,19,62,235,0,235,278,19,0,1,1,0,1,1,297,96,14,28,45,57%,99%,7,5647494.33
MA-516,Massachusetts Balance of State CoC,347,169,516,1564,0,1564,1911,169,18,1,19,24,9,33,2080,256,15,31,50,25%,96%,144,1649472
MA-517,Somerville CoC,86,22,108,34,0,34,120,22,23,0,23,11,0,11,142,160,1,1,3,37%,96%,13,1037569.05
MA-519,"Attleboro, Taunton/Bristol County CoC",45,36,81,153,0,153,198,36,3,0,3,3,6,9,234,171,6,7,12,47%,100%,22,1300619.02
MD-500,Cumberland/Allegany County CoC,46,30,76,42,0,42,88,30,0,1,1,1,3,4,118,200,0,2,6,84%,95%,19,580916
MD-501,Baltimore CoC,1632,546,2178,491,0,491,2123,546,252,24,276,52,29,81,2669,145,102,183,282,36%,95%,699,1477853
MD-502,Harford County CoC,65,37,102,87,0,87,152,37,7,1,8,4,4,8,189,118,14,15,21,33%,94%,20,517660.05
MD-503,Annapolis/Anne Arundel County CoC,148,113,261,115,0,115,263,113,15,6,21,8,6,14,376,109,27,45,71,38%,92%,91,24959155
MD-504,Howard County CoC,49,44,93,66,9,75,115,53,2,4,6,3,0,3,168,119,14,19,41,59%,99%,23,644447
MD-505,Baltimore County CoC,182,215,397,207,5,212,389,220,20,12,32,14,10,24,609,94,80,135,231,70%,96%,144,1875927.48
MD-506,Carroll County CoC,84,22,106,41,0,41,125,22,6,2,8,6,2,8,147,144,10,22,35,33%,94%,20,590510.13
MD-507,Cecil County CoC,60,79,139,52,2,54,112,81,36,3,39,3,3,6,193,209,6,6,7,69%,100%,37,5534812.07
MD-508,"Charles, Calvert, St.Mary's Counties CoC",130,108,238,57,124,181,187,232,5,17,22,9,17,26,419,116,6,14,34,59%,98%,79,260658
MD-509,Frederick City & County CoC,114,103,217,92,0,92,206,103,6,4,10,12,8,20,309,249,3,4,8,37%,100%,74,641052
MD-510,Garrett County CoC,4,0,4,6,0,6,10,0,0,0,0,2,0,2,10,111,4,9,12,92%,100%,3,1386105
MD-511,Mid-Shore Regional CoC,70,11,81,66,6,72,136,17,5,1,6,7,1,8,153,77,14,19,24,45%,99%,24,248424
MD-512,Hagerstown/Washington County CoC,145,19,164,42,2,44,187,21,35,5,40,6,1,7,208,72,2,5,6,37%,87%,48,237274
MD-513,"Wicomico, Somerset, Worcester Counties CoC",170,42,212,48,0,48,218,42,24,8,32,8,1,9,260,95,57,103,130,33%,96%,41,0
MD-600,Prince George's County CoC,120,73,193,317,15,332,437,88,16,5,21,20,0,20,525,145,14,22,45,52%,95%,35,1025152
MD-601,Montgomery County CoC,490,126,616,273,5,278,763,131,11,3,14,24,8,32,894,124,67,116,178,36%,98%,163,1606232.86
ME-500,Maine Statewide CoC,1244,108,1352,856,72,928,2100,180,120,11,131,143,35,178,2280,171,436,570,727,41%,94%,201,3706243.34
MI-500,Michigan Balance of State CoC,592,192,784,634,47,681,1226,239,47,15,62,106,29,135,1465,34,411,569,800,50%,92%,55,8753822.33
MI-501,Detroit CoC,1328,215,1543,530,5,535,1858,220,320,17,337,130,4,134,2078,84,665,830,1063,45%,97%,249,14116452.02
MI-502,"Dearborn, Dearborn Heights, Westland/Wayne County CoC",64,14,78,148,0,148,212,14,12,1,13,6,0,6,226,91,28,42,49,70%,99%,8,1522491.22
MI-503,"St. Clair Shores, Warren/Macomb County CoC",212,64,276,78,0,78,290,64,56,0,56,12,3,15,354,48,74,107,149,26%,97%,31,27112451.97
MI-504,"Pontiac, Royal Oak/Oakland County CoC",234,47,281,131,0,131,365,47,17,1,18,32,6,38,412,95,80,105,130,68%,98%,45,1718529
MI-505,Flint/Genesee County CoC,146,109,255,149,16,165,295,125,21,6,27,19,8,27,420,54,72,96,116,38%,96%,42,344745.15
MI-506,"Grand Rapids, Wyoming/Kent County CoC",559,55,614,292,6,298,851,61,83,9,92,55,7,62,912,87,111,205,328,47%,94%,108,8264208.69
MI-507,"Portage, Kalamazoo City & County CoC",216,28,244,235,0,235,451,28,18,0,18,30,3,33,479,74,172,284,411,53%,95%,26,1956256.68
MI-508,"Lansing, East Lansing/Ingham County CoC",231,40,271,159,5,164,390,45,25,2,27,18,0,18,435,48,172,330,436,37%,96%,45,5609689.38
MI-509,Washtenaw County CoC,204,38,242,58,2,60,262,40,35,3,38,21,2,23,302,62,69,106,144,53%,97%,43,2024899.73
MI-510,Saginaw City & County CoC,180,8,188,193,7,200,373,15,15,0,15,28,0,28,388,64,112,172,217,58%,97%,22,15408331.11
MI-511,Lenawee County CoC,59,0,59,69,0,69,128,0,2,0,2,5,0,5,128,36,11,18,25,27%,80%,15,6599970.18
MI-512,"Grand Traverse, Antrim, Leelanau Counties CoC",131,36,167,57,4,61,188,40,15,3,18,13,2,15,228,73,56,81,96,47%,99%,37,1512029.41
MI-513,"Marquette, Alger Counties CoC",31,3,34,50,0,50,81,3,1,0,1,4,0,4,84,60,10,14,15,61%,83%,4,92538
MI-514,Battle Creek/Calhoun County CoC,128,24,152,47,5,52,175,29,22,1,23,16,2,18,204,64,67,95,115,39%,NA,22,360126
MI-515,Monroe City & County CoC,119,3,122,71,0,71,190,3,16,1,17,14,0,14,193,89,17,32,47,33%,98%,13,39592.85
MI-516,"Norton Shores, Muskegon City & County CoC",77,10,87,48,0,48,125,10,5,0,5,2,2,4,135,52,193,237,279,62%,97%,2,294916
MI-517,Jackson City & County CoC,44,8,52,82,6,88,126,14,1,0,1,5,0,5,140,67,42,67,100,46%,98%,2,366370
MI-518,Livingston County CoC,49,7,56,42,5,47,91,12,0,1,1,11,0,11,103,25,20,35,51,27%,94%,1,679641.04
MI-519,Holland/Ottawa County CoC,104,8,112,146,0,146,250,8,2,0,2,11,1,12,258,81,99,150,231,47%,98%,4,579262.36
MI-523,Eaton County CoC,7,4,11,94,2,96,101,6,0,0,0,1,0,1,107,102,15,40,68,83%,100%,0,212254
MN-500,Minneapolis/Hennepin County CoC,1101,294,1395,1658,4,1662,2759,298,107,3,110,222,21,243,3057,79,324,508,716,23%,92%,342,983865
MN-501,Saint Paul/Ramsey County CoC,745,160,905,527,6,533,1272,166,59,10,69,122,22,144,1438,75,73,131,190,20%,90%,269,820631
MN-502,Rochester/Southeast Minnesota CoC,205,57,262,290,0,290,495,57,6,4,10,126,7,133,552,176,23,43,61,61%,88%,38,11489494.77
MN-503,"Dakota, Anoka, Washington, Scott, Carver Counties",187,71,258,247,39,286,434,110,22,0,22,37,11,48,544,113,59,78,123,61%,93%,74,11805283.48
MN-504,Northeast Minnesota CoC,34,29,63,24,12,36,58,41,3,0,3,15,1,16,99,99,10,18,22,67%,92%,8,1229951.65
MN-505,St. Cloud/Central Minnesota CoC,248,204,452,385,25,410,633,229,21,12,33,93,54,147,862,109,32,59,110,44%,91%,17,1637213.35
MN-506,Northwest Minnesota CoC,100,3,103,185,0,185,285,3,3,0,3,48,1,49,288,120,48,74,103,47%,87%,2,98515.05
MN-508,Moorhead/West Central Minnesota CoC,101,3,104,111,0,111,212,3,8,0,8,15,0,15,215,83,11,18,32,43%,94%,18,1085923
MN-509,Duluth/St.Louis County CoC,132,182,314,180,11,191,312,193,13,8,21,42,32,74,505,91,128,206,332,37%,90%,138,958340.08
MN-511,Southwest Minnesota CoC,39,4,43,61,4,65,100,8,2,0,2,19,1,20,108,65,14,25,34,66%,89%,0,789483.69
MO-500,St. Louis County CoC,210,44,254,208,0,208,418,44,15,3,18,143,12,155,462,77,23,37,45,46%,97%,73,3061055.85
MO-501,St.Louis City CoC,679,142,821,515,0,515,1194,142,158,11,169,69,8,77,1336,129,78,132,214,41%,98%,151,682209.9
MO-503,"St. Charles City & County, Lincoln, Warren Counties CoC",145,161,306,206,66,272,351,227,4,7,11,61,20,81,578,63,14,15,17,56%,87%,36,642483.11
MO-600,"Springfield/Greene, Christian, Webster Counties CoC",140,195,335,115,5,120,255,200,8,26,34,15,23,38,455,64,22,30,44,38%,92%,190,9718316.59
MO-602,"Joplin/Jasper, Newton Counties CoC",156,39,195,73,2,75,229,41,48,5,53,5,2,7,270,184,19,27,52,68%,91%,45,480422
MO-603,"St. Joseph/Andrew, Buchanan, DeKalb Counties CoC",100,18,118,92,0,92,192,18,8,1,9,6,1,7,210,110,315,492,584,48%,84%,62,853418.09
MO-604,"Kansas City, Independence, Lee’s Summit/Jackson, Wyandotte Counties, MO & KS",903,224,1127,539,5,544,1442,229,145,25,170,116,8,124,1671,207,45,75,122,61%,91%,330,615281.91
MO-606,Missouri Balance of State CoC,540,211,751,412,81,493,952,292,84,14,98,56,20,76,1244,65,76,107,152,55%,93%,245,557748.58
MP-500,Northern Mariana Islands CoC,11,197,208,13,451,464,24,648,0,0,0,0,0,0,672,0,0,0,0,55%,NA,0,11694548.62
MS-500,"Jackson/Rankin, Madison Counties CoC",170,280,450,61,0,61,231,280,0,0,0,20,0,20,511,3524,18,22,33,19%,93%,20,16418647.84
MS-501,Mississippi Balance of State CoC,260,205,465,191,41,232,451,246,38,13,51,20,10,30,697,70,28,42,84,72%,83%,33,0
MS-503,Gulf Port/Gulf Coast Regional CoC,22,163,185,49,30,79,71,193,1,5,6,0,9,9,264,51,7,12,22,61%,94%,19,2794156.04
MT-500,Montana Statewide CoC,633,354,987,352,190,542,985,544,125,80,205,66,40,106,1529,158,6,10,12,72%,43%,198,2803304
NC-500,Winston-Salem/Forsyth County CoC,326,25,351,102,0,102,428,25,55,5,60,15,2,17,453,73,63,87,137,27%,98%,60,1121217.46
NC-501,Asheville/Buncombe County CoC,408,97,505,49,8,57,457,105,225,14,239,21,9,30,562,145,83,121,230,65%,95%,83,6003445.73
NC-502,Durham City & County CoC,194,60,254,100,0,100,294,60,69,3,72,15,7,22,354,111,56,72,109,47%,96%,50,1909039.15
NC-503,North Carolina Balance of State CoC,1188,723,1911,914,229,1143,2102,952,105,71,176,88,46,134,3054,77,176,308,428,43%,99%,382,4969000.83
NC-504,"Greensboro, High Point CoC",318,104,422,151,0,151,469,104,53,7,60,40,2,42,573,84,135,230,317,58%,86%,30,3093036
NC-505,Charlotte/Mecklenberg CoC,805,211,1016,456,4,460,1261,215,113,24,137,53,18,71,1476,94,234,343,473,59%,94%,147,6447304.85
NC-506,"Wilmington/Brunswick, New Hanover, Pender Counties CoC",172,84,256,63,3,66,235,87,34,14,48,15,1,16,322,73,58,80,111,46%,96%,44,3108621.58
NC-507,Raleigh/Wake County CoC,410,177,587,286,11,297,696,188,47,21,68,34,11,45,884,62,172,266,348,24%,97%,91,4265085.2
NC-509,"Gastonia/Cleveland, Gaston, Lincoln Counties CoC",109,55,164,62,23,85,171,78,9,5,14,22,1,23,249,52,18,22,41,58%,97%,25,1010442.89
NC-511,Fayetteville/Cumberland County CoC,56,223,279,133,30,163,189,253,10,31,41,1,5,6,442,403,12,19,29,83%,99%,136,5538268.74
NC-513,Chapel Hill/Orange County CoC,63,37,100,27,0,27,90,37,7,4,11,4,1,5,127,137,4,5,7,35%,96%,14,1302641.5
NC-516,Northwest North Carolina CoC,80,119,199,39,228,267,119,347,5,0,5,12,11,23,466,78,15,22,26,28%,100%,13,517788
ND-500,North Dakota Statewide CoC,650,182,832,108,149,257,758,331,58,16,74,66,14,80,1089,378,125,180,242,28%,90%,45,-66288
NE-500,Nebraska Balance of State CoC,262,14,276,230,0,230,492,14,16,1,17,53,1,54,506,69,119,182,235,54%,94%,10,284540
NE-501,"Omaha, Council Bluffs CoC",980,57,1037,352,0,352,1332,57,103,1,104,59,9,68,1389,72,223,384,554,27%,91%,290,2571986.5
NE-502,Lincoln CoC,336,49,385,221,0,221,557,49,53,0,53,39,3,42,606,97,66,101,145,27%,88%,75,1799708.42
NH-500,New Hampshire Balance of State CoC,342,82,424,315,28,343,657,110,29,8,37,32,8,40,767,115,219,287,355,51%,95%,106,4990600.33
NH-501,Manchester CoC,148,44,192,194,8,202,342,52,30,3,33,15,6,21,394,119,55,70,119,31%,94%,18,4553320.08
NH-502,Nashua/Hillsborough County CoC,148,12,160,135,0,135,283,12,54,0,54,15,0,15,295,168,29,45,67,51%,96%,13,3724285.43
NJ-500,Atlantic City & County CoC,273,109,382,40,0,40,313,109,51,5,56,31,1,32,422,58,24,41,63,21%,92%,104,1639738
NJ-501,Bergen County CoC,177,5,182,120,0,120,297,5,15,1,16,32,0,32,302,158,24,29,44,51%,95%,3,3180723
NJ-502,Burlington County CoC,286,44,330,274,0,274,560,44,7,10,17,31,2,33,604,137,7,20,40,30%,98%,109,518800.19
NJ-503,"Camden City & County/Gloucester, Cape May, Cumberland Counties CoC",502,127,629,309,0,309,811,127,136,10,146,33,4,37,938,69,153,189,243,29%,98%,85,559547
NJ-504,Newark/Essex County CoC,832,421,1253,788,7,795,1620,428,34,18,52,120,20,140,2048,104,67,128,213,44%,95%,181,440487
NJ-506,"Jersey City, Bayonne/Hudson County CoC",484,184,668,154,0,154,638,184,19,8,27,22,15,37,822,67,114,154,200,41%,97%,174,3598403.49
NJ-507,New Brunswick/Middlesex County CoC,193,125,318,228,0,228,421,125,11,8,19,17,5,22,546,124,6,16,27,66%,98%,69,3413744.16
NJ-508,Monmouth County CoC,100,44,144,155,0,155,255,44,9,7,16,0,1,1,299,60,12,17,20,20%,91%,44,4129865.56
NJ-509,Morris County CoC,196,27,223,155,0,155,351,27,9,2,11,17,0,17,378,142,19,25,39,35%,94%,71,1199020.35
NJ-510,Lakewood Township/Ocean County CoC,76,43,119,105,0,105,181,43,1,5,6,22,1,23,224,54,2,5,9,52%,95%,24,3727148.62
NJ-511,Paterson/Passaic County CoC,164,85,249,196,4,200,360,89,7,5,12,23,2,25,449,109,4,19,30,78%,97%,58,2532718.2
NJ-512,Salem County CoC,5,3,8,8,0,8,13,3,0,0,0,0,0,0,16,1415,1,1,2,45%,NA,0,353277.51
NJ-513,Somerset County CoC,171,5,176,68,0,68,239,5,100,0,100,29,0,29,244,142,0,1,11,45%,96%,3,672481.32
NJ-514,Trenton/Mercer County CoC,275,81,356,119,3,122,394,84,12,8,20,32,5,37,478,57,45,84,117,34%,93%,69,139618
NJ-515,Elizabeth/Union County CoC,155,50,205,270,5,275,425,55,3,0,3,13,3,16,480,99,37,76,122,51%,97%,43,1056522
NJ-516,"Warren, Sussex, Hunterdon Counties CoC",149,42,191,95,0,95,244,42,80,2,82,10,1,11,286,89,29,44,62,29%,90%,32,4864337.78
NM-500,Albuquerque CoC,736,368,1104,198,16,214,934,384,122,41,163,81,26,107,1318,66,122,203,287,35%,93%,379,4854584.55
NM-501,New Mexico Balance of State CoC,411,350,761,341,62,403,752,412,13,72,85,57,17,74,1164,68,78,112,154,35%,94%,435,741006.87
NV-500,Las Vegas/Clark County CoC,1845,4345,6190,292,8,300,2137,4353,367,324,691,152,1900,2052,6490,62,471,647,916,32%,91%,446,7240702.97
NV-501,"Reno, Sparks/Washoe County CoC",831,80,911,195,0,195,1026,80,121,4,125,80,18,98,1106,91,236,340,431,32%,87%,38,5522210.3
NV-502,Nevada Balance of State CoC,45,135,180,47,10,57,92,145,4,12,16,3,13,16,237,88,20,24,31,36%,95%,28,532371
NY-500,"Rochester, Irondequoit, Greece/Monroe County CoC",445,65,510,307,0,307,752,65,56,7,63,105,7,112,817,32,228,378,653,43%,93%,184,16704317.46
NY-501,"Elmira/Steuben, Allegany, Livingston, Chemung, Schuyler Counties CoC",90,30,120,99,7,106,189,37,7,2,9,11,0,11,226,60,36,50,70,63%,93%,6,2096126.76
NY-503,Albany City & County CoC,490,25,515,287,0,287,777,25,84,2,86,41,1,42,802,65,74,131,183,35%,97%,82,162237.21
NY-504,Cattaragus County CoC,24,0,24,10,0,10,34,0,2,0,2,7,0,7,34,23,1,5,10,49%,84%,1,10746042.99
NY-505,"Syracuse, Auburn/Onondaga, Oswego, Cayuga Counties CoC",558,23,581,212,5,217,770,28,48,1,49,76,3,79,798,54,359,566,720,47%,94%,43,1467575
NY-507,Schenectady City & County CoC,148,23,171,103,0,103,251,23,11,0,11,18,3,21,274,65,47,78,119,46%,93%,15,5718712.69
NY-508,"Buffalo, Niagara Falls/Erie, Niagara, Orleans, Genesee, Wyoming Counties CoC",577,18,595,330,0,330,907,18,89,2,91,70,0,70,925,62,158,285,431,39%,96%,24,498999
NY-510,Ithaca/Tompkins County CoC,34,20,54,19,0,19,53,20,1,0,1,15,0,15,73,37,8,28,49,52%,86%,5,10762307.2
NY-511,"Binghamton, Union Town/Broome, Otsego, Chenango, Delaware, Cortland, Tioga Count",211,60,271,35,2,37,246,62,13,0,13,37,0,37,308,58,22,36,65,50%,87%,5,3147412.22
NY-512,Troy/Rensselaer County CoC,83,19,102,92,0,92,175,19,6,2,8,20,2,22,194,42,46,62,110,49%,94%,18,11526071.56
NY-513,"Wayne, Ontario, Seneca, Yates Counties CoC",243,11,254,83,0,83,326,11,31,0,31,29,1,30,337,82,0,1,8,31%,87%,29,347087
NY-514,"Jamestown, Dunkirk/Chautauqua County CoC",38,3,41,42,0,42,80,3,1,0,1,19,0,19,83,420,10,11,15,65%,100%,0,3829856.01
NY-516,Clinton County CoC,72,1,73,53,0,53,125,1,4,0,4,2,0,2,126,134,16,32,43,66%,96%,8,2741170.66
NY-518,"Utica, Rome/Oneida, Madison Counties CoC",77,9,86,69,7,76,146,16,0,0,0,12,0,12,162,51,6,24,42,72%,92%,8,386988
NY-519,"Columbia, Greene Counties CoC",69,3,72,72,0,72,141,3,4,0,4,11,0,11,144,0,0,0,0,50%,93%,15,446383
NY-520,"Franklin, Essex Counties CoC",20,1,21,7,0,7,27,1,4,1,5,3,0,3,28,52,1,7,12,43%,100%,1,129511.75
NY-522,"Jefferson, Lewis, St. Lawrence Counties CoC",109,20,129,25,15,40,134,35,9,3,12,13,3,16,169,67,24,51,90,73%,96%,12,943972
NY-523,"Glens Falls, Saratoga Springs/Saratoga, Washington, Warren, Hamilton Counties Co",170,5,175,69,3,72,239,8,28,0,28,23,0,23,247,61,47,52,67,60%,96%,12,328687.57
NY-600,New York City CoC,27188,3936,31124,45377,0,45377,72565,3936,507,28,535,1738,265,2003,76501,271,4650,6493,9010,46%,98%,5755,123902
NY-601,Poughkeepsie/Dutchess County CoC,198,9,207,181,0,181,379,9,7,1,8,27,3,30,388,154,92,112,134,32%,93%,6,1041820.09
NY-602,"Newburgh, Middletown/Orange County CoC",156,30,186,164,0,164,320,30,1,1,2,24,1,25,350,65,55,95,190,46%,NA,17,2363464.47
NY-603,"Nassau, Suffolk Counties CoC",930,64,994,2943,0,2943,3873,64,138,3,141,115,3,118,3937,169,104,174,278,41%,94%,141,102658985.9
NY-604,"Yonkers, Mount Vernon/Westchester County CoC",622,47,669,1163,0,1163,1785,47,116,5,121,66,2,68,1832,212,81,162,286,31%,97%,149,1442118.93
NY-606,Rockland County CoC,77,58,135,35,0,35,112,58,2,0,2,5,0,5,170,52,1,5,6,25%,100%,28,2488180.34
NY-607,Sullivan County CoC,112,2,114,53,0,53,165,2,9,0,9,17,0,17,167,33,44,76,89,90%,74%,0,8198684.38
NY-608,Kingston/Ulster County CoC,149,18,167,228,16,244,377,34,8,0,8,31,0,31,411,89,72,111,160,67%,87%,14,13545564.33
OH-500,Cincinnati/Hamilton County CoC,815,74,889,273,0,273,1088,74,190,2,192,83,7,90,1162,64,413,680,1049,49%,98%,90,5540800.42
OH-501,Toledo/Lucas County CoC,241,16,257,242,0,242,483,16,49,2,51,18,4,22,499,87,76,122,236,53%,96%,38,0
OH-502,Cleveland/Cuyahoga County CoC,1263,97,1360,367,0,367,1630,97,162,10,172,77,4,81,1727,101,514,687,900,39%,99%,120,1033558.46
OH-503,Columbus/Franklin County CoC,902,340,1242,449,0,449,1351,340,119,21,140,101,43,144,1691,55,550,1036,1655,47%,93%,229,21621597.59
OH-504,Youngstown/Mahoning County CoC,157,6,163,99,0,99,256,6,15,0,15,22,0,22,262,90,58,83,130,31%,95%,16,4412791.55
OH-505,"Dayton, Kettering/Montgomery County CoC",406,53,459,160,0,160,566,53,58,2,60,80,2,82,619,51,205,333,494,32%,95%,30,32189308.15
OH-506,"Akron, Barberton/Summit County CoC",317,75,392,112,3,115,429,78,56,6,62,32,5,37,507,54,89,137,210,34%,95%,56,13279907.83
OH-507,Ohio Balance of State CoC,1268,511,1779,1418,112,1530,2686,623,128,32,160,157,44,201,3309,62,764,1252,1844,73%,97%,180,2095481
OH-508,"Canton, Massillon, Alliance/Stark County CoC",125,22,147,172,0,172,297,22,8,2,10,14,2,16,319,81,11,18,29,62%,93%,13,9933412.84
OK-500,North Central Oklahoma CoC,51,31,82,96,14,110,147,45,0,1,1,13,3,16,192,49,17,23,38,41%,75%,6,4486293.7
OK-501,Tulsa City & County CoC,662,157,819,238,17,255,900,174,80,26,106,68,39,107,1074,89,48,75,107,74%,89%,137,15793631.57
OK-502,Oklahoma City CoC,745,264,1009,355,4,359,1100,268,112,35,147,50,14,64,1368,118,28,40,62,21%,88%,254,3121211.55
OK-503,Oklahoma Balance of State CoC,42,109,151,97,184,281,139,293,1,0,1,12,32,44,432,289,8,16,18,65%,91%,36,1245660
OK-504,Norman/Cleveland County CoC,79,76,155,19,0,19,98,76,8,2,10,3,4,7,174,54,6,8,11,46%,91%,111,3477112.19
OK-505,Northeast Oklahoma CoC,193,16,209,132,36,168,325,52,17,2,19,45,5,50,377,102,37,48,56,71%,76%,41,3305455.06
OK-506,Southwest Oklahoma Regional CoC,91,59,150,78,3,81,169,62,5,20,25,21,2,23,231,573,16,18,22,48%,100%,0,963582.53
OK-507,Southeastern Oklahoma Regional CoC,129,120,249,77,25,102,206,145,12,28,40,41,11,52,351,34,36,48,83,65%,80%,75,370845.61
OR-500,"Eugene, Springfield/Lane County CoC",373,887,1260,153,116,269,526,1003,44,120,164,38,78,116,1529,63,108,148,174,15%,95%,640,364564
OR-501,"Portland, Gresham/Multnomah County CoC",1929,1591,3520,580,77,657,2509,1668,262,183,445,172,132,304,4177,92,362,715,1203,39%,95%,1290,54952.49
OR-502,"Medford, Ashland/Jackson County CoC",290,235,525,79,29,108,369,264,65,30,95,41,21,62,633,92,26,43,56,37%,88%,170,117437
OR-503,Central Oregon CoC,184,310,494,46,238,284,230,548,26,57,83,30,38,68,778,54,58,90,116,34%,100%,246,4192368.16
OR-505,Oregon Balance of State CoC,1347,2555,3902,679,1214,1893,2026,3769,139,240,379,199,648,847,5795,52,84,141,213,39%,91%,737,23623103.62
OR-506,"Hillsboro, Beaverton/Washington County CoC",86,262,348,89,107,196,175,369,40,18,58,15,30,45,544,104,20,32,58,55%,92%,150,1213805.28
OR-507,Clackamas County CoC,84,301,385,67,45,112,151,346,7,20,27,12,8,20,497,66,1,1,7,22%,95%,154,1133310.58
PA-500,Philadelphia CoC,2389,952,3341,2348,4,2352,4737,956,204,40,244,211,86,297,5693,217,102,159,220,34%,97%,898,4489018.97
PA-501,Harrisburg/Dauphin County CoC,239,70,309,151,0,151,390,70,29,10,39,6,3,9,460,119,9,21,51,51%,88%,45,4799029.05
PA-502,"Upper Darby, Chester, Haverford/Delaware County CoC",211,40,251,202,0,202,413,40,10,1,11,18,1,19,453,114,21,34,59,49%,97%,26,2017795.43
PA-503,"Wilkes-Barre, Hazleton/Luzerne County CoC",79,3,82,92,0,92,171,3,14,1,15,15,0,15,174,74,120,142,173,61%,96%,0,38642367.95
PA-504,"Lower Merion, Norristown, Abington/Montgomery County CoC",112,19,131,179,0,179,291,19,9,4,13,9,0,9,310,157,57,94,160,59%,93%,40,3165135.1
PA-505,Chester County CoC,365,22,387,189,2,191,554,24,223,1,224,10,0,10,578,123,127,181,252,61%,95%,12,2474039.74
PA-506,Reading/Berks County CoC,353,13,366,168,0,168,521,13,38,0,38,28,1,29,534,130,93,159,227,57%,95%,2,2655465.52
PA-508,Scranton/Lackawanna County CoC,84,14,98,99,0,99,183,14,26,0,26,7,2,9,197,101,18,28,43,39%,98%,13,3514243.54
PA-509,Eastern Pennsylvania CoC,829,380,1209,936,25,961,1765,405,66,16,82,118,24,142,2170,140,130,181,243,57%,95%,156,4700489.9
PA-510,Lancaster City & County CoC,154,26,180,141,0,141,295,26,23,0,23,15,2,17,321,93,23,37,66,34%,97%,6,2707229.05
PA-511,"Bristol, Bensalem/Bucks County CoC",149,49,198,313,0,313,462,49,9,3,12,20,7,27,511,233,7,19,44,52%,91%,27,3839995.08
PA-512,York City & County CoC,96,38,134,147,7,154,243,45,8,1,9,5,11,16,288,61,85,114,185,40%,81%,12,10250291.76
PA-600,"Pittsburgh, McKeesport, Penn Hills/Allegheny County CoC",703,53,756,389,0,389,1092,53,95,7,102,75,2,77,1145,144,67,93,111,42%,95%,131,2834816.3
PA-601,Western Pennsylvania CoC,480,51,531,294,12,306,774,63,92,2,94,40,9,49,837,127,84,141,237,65%,100%,29,756297.6
PA-603,Beaver County CoC,30,4,34,58,6,64,88,10,2,0,2,1,0,1,98,125,16,32,48,61%,88%,12,985390.92
PA-605,Erie City & County CoC,256,8,264,105,0,105,361,8,27,2,29,30,0,30,369,74,84,115,153,49%,90%,29,18358725
PR-502,Puerto Rico Balance of Commonwealth CoC,506,1172,1678,176,29,205,682,1201,4,42,46,28,37,65,1883,214,64,104,127,45%,96%,655,9320331.32
PR-503,South-Southeast Puerto Rico CoC,294,1169,1463,37,142,179,331,1311,26,22,48,18,52,70,1642,225,30,59,92,65%,92%,423,875683.58
RI-500,Rhode Island Statewide CoC,733,69,802,378,0,378,1111,69,92,3,95,41,8,49,1180,106,137,200,290,41%,96%,240,2203748
SC-500,Charleston/Low Country CoC,199,194,393,22,10,32,221,204,92,35,127,2,10,12,425,67,56,90,124,42%,99%,108,13782119.84
SC-501,"Greenville, Anderson, Spartanburg/Upstate CoC",553,345,898,379,40,419,932,385,47,26,73,36,17,53,1317,152,30,53,100,53%,95%,230,7053938.58
SC-502,Columbia/Midlands CoC,650,289,939,243,18,261,893,307,144,9,153,44,17,61,1200,82,159,242,307,34%,96%,295,5432902.02
SC-503,"Myrtle Beach, Sumter City & County CoC",265,401,666,104,204,308,369,605,38,89,127,26,21,47,974,74,67,105,136,44%,91%,191,3122768.93
SD-500,South Dakota Statewide CoC,452,159,611,320,12,332,772,171,123,7,130,53,13,66,943,199,40,60,89,26%,91%,144,3527731.06
TN-500,Chattanooga/Southeast Tennessee CoC,239,213,452,120,4,124,359,217,23,31,54,10,7,17,576,49,22,42,78,44%,96%,192,4850280.36
TN-501,Memphis/Shelby County CoC,836,79,915,511,0,511,1347,79,204,9,213,29,2,31,1426,101,95,173,267,44%,95%,66,2234659.41
TN-502,Knoxville/Knox County CoC,577,124,701,101,10,111,678,134,85,2,87,53,19,72,812,60,169,211,258,71%,89%,77,3233474.48
TN-503,Central Tennessee CoC,176,25,201,84,0,84,260,25,52,3,55,41,1,42,285,120,18,28,36,47%,78%,45,2507753.23
TN-504,Nashville-Davidson County CoC,1361,629,1990,337,10,347,1698,639,184,39,223,86,28,114,2337,154,59,95,121,72%,86%,617,8192945.11
TN-506,Upper Cumberland CoC,99,58,157,69,26,95,168,84,11,4,15,10,6,16,252,98,4,14,19,70%,95%,25,2533290.06
TN-507,Jackson/West Tennessee CoC,59,648,707,75,321,396,134,969,3,33,36,6,69,75,1103,70,7,9,15,82%,97%,212,2347378.6
TN-509,Appalachian Regional CoC,222,120,342,83,25,108,305,145,34,9,43,5,6,11,450,41,23,35,47,29%,95%,73,5111955.74
TN-510,Murfreesboro/Rutherford County CoC,160,89,249,67,0,67,227,89,17,4,21,14,0,14,316,48,5,14,18,32%,91%,73,732562.32
TN-512,"Morristown/Blount, Sevier, Campbell, Cocke Counties CoC",154,269,423,214,115,329,368,384,2,8,10,22,43,65,752,54,2,8,17,38%,NA,104,1615265.09
TX-500,San Antonio/Bexar County CoC,801,1098,1899,840,4,844,1641,1102,154,74,228,63,64,127,2743,138,375,553,774,42%,96%,651,2059464
TX-503,Austin/Travis County CoC,629,831,1460,573,3,576,1202,834,102,67,169,51,47,98,2036,90,114,165,249,27%,94%,553,466485
TX-600,"Dallas City & County, Irving CoC",1918,1072,2990,784,15,799,2702,1087,297,61,358,168,69,237,3789,111,306,456,682,12%,95%,542,97135
TX-601,"Fort Worth, Arlington/Tarrant County CoC",982,362,1344,569,28,597,1551,390,146,40,186,64,23,87,1941,126,129,209,324,20%,100%,234,10571518.88
TX-603,El Paso City & County CoC,514,177,691,502,0,502,1016,177,67,23,90,54,21,75,1193,90,66,119,191,59%,95%,96,7285567.88
TX-604,Waco/McLennan County CoC,68,57,125,94,2,96,162,59,13,6,19,7,5,12,221,46,11,15,21,14%,90%,26,16185991.47
TX-607,Texas Balance of State CoC,1665,3143,4808,1918,427,2345,3583,3570,230,444,674,172,245,417,7153,57,206,322,449,36%,93%,879,14650742.16
TX-611,Amarillo CoC,363,112,475,56,0,56,419,112,47,14,61,35,4,39,531,171,0,0,0,14%,61%,112,2557472.4
TX-624,"Wichita Falls/Wise, Palo Pinto, Wichita, Archer Counties CoC",149,21,170,64,0,64,213,21,8,2,10,32,3,35,234,32,0,2,4,31%,100%,65,776670.9
TX-700,"Houston, Pasadena, Conroe/Harris, Ft. Bend, Montgomery, Counties CoC",1562,1108,2670,915,20,935,2477,1128,315,90,405,118,65,183,3605,84,353,544,785,27%,92%,539,7160867.75
TX-701,"Bryan, College Station/Brazos Valley CoC",63,13,76,26,0,26,89,13,0,0,0,8,0,8,102,57,12,15,31,27%,NA,14,0
UT-500,Salt Lake City & County CoC,1187,161,1348,699,0,699,1886,161,170,7,177,88,22,110,2047,77,524,792,1007,17%,94%,143,380385
UT-503,Utah Balance of State CoC,340,76,416,218,0,218,558,76,33,7,40,52,5,57,634,42,212,308,421,43%,87%,34,29765365.97
UT-504,Provo/Mountainland CoC,77,41,118,53,0,53,130,41,0,3,3,6,7,13,171,24,116,160,210,39%,86%,8,255830.43
VA-500,"Richmond/Henrico, Chesterfield, Hanover Counties CoC",420,153,573,89,0,89,509,153,77,17,94,34,4,38,662,47,189,322,416,41%,95%,76,9802611.37
VA-501,"Norfolk/Chesapeake, Suffolk, Isle of Wight, Southampton Counties CoC",503,69,572,131,0,131,634,69,76,10,86,36,2,38,703,63,28,43,85,42%,98%,82,2250292.83
VA-502,"Roanoke City & County, Salem CoC",180,17,197,70,0,70,250,17,32,0,32,15,3,18,267,39,38,81,122,18%,87%,48,1313552.18
VA-503,Virginia Beach CoC,162,76,238,109,2,111,271,78,28,10,38,24,10,34,349,113,25,50,77,59%,94%,62,6003147.93
VA-504,Charlottesville CoC,96,23,119,41,0,41,137,23,4,5,9,4,4,8,160,63,22,40,46,35%,86%,55,3982990.24
VA-505,"Newport News, Hampton/Virginia Peninsula CoC",272,80,352,160,0,160,432,80,60,8,68,14,4,18,512,92,37,57,73,50%,94%,75,835191
VA-507,Portsmouth CoC,60,55,115,36,0,36,96,55,7,4,11,2,0,2,151,NA,0,0,0,NA,NA,12,1796194
VA-508,Lynchburg CoC,67,25,92,33,0,33,100,25,8,1,9,3,4,7,125,45,18,41,65,39%,83%,27,568668
VA-513,"Harrisburg, Winchester/Western Virginia CoC",176,19,195,85,0,85,261,19,8,2,10,6,0,6,280,61,11,34,42,61%,90%,44,1707858.87
VA-514,"Fredericksburg/Spotsylvania, Stafford Counties CoC",83,39,122,94,0,94,177,39,8,0,8,19,1,20,216,55,47,57,77,45%,91%,29,897459.93
VA-521,Virginia Balance of State CoC,285,138,423,278,21,299,563,159,26,9,35,19,11,30,722,41,66,128,187,58%,90%,39,346204.42
VA-600,Arlington County CoC,116,33,149,83,0,83,199,33,9,1,10,3,0,3,232,143,19,27,48,57%,96%,63,356908
VA-601,Fairfax County CoC,387,105,492,469,3,472,856,108,21,13,34,47,2,49,964,90,191,305,440,48%,92%,150,273731
VA-602,Loudoun County CoC,55,16,71,42,0,42,97,16,5,1,6,10,0,10,113,77,25,43,56,57%,100%,15,323967.74
VA-603,Alexandria CoC,103,18,121,90,0,90,193,18,6,0,6,5,0,5,211,118,29,41,54,37%,91%,43,2297020.4
VA-604,Prince William County CoC,84,113,197,200,3,203,284,116,9,13,22,6,11,17,400,97,47,85,143,52%,92%,76,9922607.24
VI-500,Virgin Islands CoC,62,307,369,12,0,12,74,307,6,17,23,3,2,5,381,220,4,6,9,44%,91%,334,153907.73
VT-500,Vermont Balance of State CoC,426,74,500,402,32,434,828,106,66,3,69,59,10,69,934,208,58,101,137,61%,95%,83,393748
VT-501,Burlington/Chittenden County CoC,174,23,197,89,5,94,263,28,23,2,25,24,1,25,291,96,9,18,35,49%,89%,44,669998
WA-500,Seattle/King County CoC,3406,5404,8810,2752,81,2833,6158,5485,636,693,1329,356,1142,1498,11643,146,285,443,667,34%,95%,2773,98849
WA-501,Washington Balance of State CoC,1736,1426,3162,1827,254,2081,3563,1680,253,162,415,211,123,334,5243,106,348,539,783,47%,91%,1031,3319560.94
WA-502,Spokane City & County CoC,659,132,791,293,6,299,952,138,109,9,118,53,18,71,1090,68,103,195,323,53%,94%,325,1350130.5
WA-503,"Tacoma, Lakewood/Pierce County CoC",398,481,879,419,23,442,817,504,51,85,136,44,43,87,1321,113,124,204,301,40%,92%,337,38082028.12
WA-504,Everett/Snohomish County CoC,314,471,785,237,44,281,551,515,22,43,65,51,66,117,1066,116,78,103,146,42%,91%,387,8550297.01
WA-508,Vancouver/Clark County CoC,220,134,354,260,135,395,480,269,23,7,30,18,10,28,749,115,79,123,157,45%,92%,86,5830976.53
WI-500,Wisconsin Balance of State CoC,1368,131,1499,1843,6,1849,3211,137,171,9,180,137,5,142,3348,87,669,999,1420,51%,95%,232,3515769.89
WI-501,Milwaukee City & County CoC,555,132,687,210,3,213,765,135,65,9,74,65,25,90,900,60,328,455,600,53%,96%,98,8181365.65
WI-502,Racine City & County CoC,132,7,139,55,0,55,187,7,34,0,34,12,2,14,194,75,27,39,57,47%,98%,17,717108.99
WI-503,Madison/Dane County CoC,262,58,320,262,3,265,524,61,39,2,41,26,4,30,585,65,112,147,209,32%,93%,87,1250772.69
WV-500,"Wheeling, Weirton Area CoC",70,7,77,41,0,41,111,7,4,0,4,4,1,5,118,79,58,80,98,45%,93%,23,11000762.65
WV-501,"Huntington/Cabell, Wayne Counties CoC",116,32,148,57,0,57,173,32,16,1,17,5,1,6,205,53,97,134,173,38%,97%,9,11807997.43
WV-503,"Charleston/Kanawha, Putnam, Boone, Clay Counties CoC",223,49,272,47,0,47,270,49,31,3,34,24,4,28,319,74,144,200,252,75%,95%,65,1255114.66
WV-508,West Virginia Balance of State CoC,451,84,535,116,16,132,567,100,73,9,82,36,4,40,667,61,210,308,424,45%,88%,109,5682460
WY-500,Wyoming Statewide CoC,383,239,622,127,124,251,510,363,50,13,63,43,19,62,873,69,112,169,219,35%,95%,68,541950
,,,,,,,,,,,,,,,,,,,,,,,,2228682.46
,,,,,,,,,,,,,,,,,,,,,,,,1827588.12
,,,,,,,,,,,,,,,,,,,,,,,,3488615.7
,,,,,,,,,,,,,,,,,,,,,,,,1363659.86