coc_number,coc_name,sheltered_total_homeless_individuals,unsheltered_homeless_individuals,homeless_individuals,sheltered_total_homeless_people_in_families,unsheltered_homeless_people_in_families,homeless_people_in_families,sheltered_homeless,unsheltered_homeless,sheltered_total_homeless_veterans,unsheltered_homeless_veterans,homeless_veterans,sheltered_total_homeless_unaccompanied_youth_under_25,unsheltered_homeless_unaccompanied_youth_under_25,total_homeless_unaccompanied_youth_under_25,total_homeless,es_sh_th_avg_days,total_persons_returns_in_6_mths,total_persons_returns_in_12_mths_should_include_the_6_month_cohort,total_persons_returns_in_24_mths_should_include_both_the_6_and_12_month_cohort,percent_with_successful_es_th_sh_ph_rrh_exit,percent_with_successful_ph_retention_or_exit,amount,chronically_homeless
AK-500,Anchorage CoC,720,94,814,280,0,280,1000,94,58,4,62,94,3,97,1094,65,131,171,236,14%,87%,3651910.92,177
AK-501,Alaska Balance of State CoC,453,167,620,254,48,302,707,215,52,18,70,56,10,66,922,67,13,24,34,38%,81%,810217.18,180
AL-500,"Birmingham/Jefferson, St. Clair, Shelby Counties CoC",501,219,720,181,0,181,682,219,116,17,133,21,5,26,901,67,205,303,392,23%,94%,8831645.98,119
AL-501,Mobile City & County/Baldwin County CoC,183,216,399,135,17,152,318,233,42,10,52,8,8,16,551,47,25,44,50,15%,95%,4118504.66,59
AL-502,Florence/Northwest Alabama CoC,144,22,166,90,0,90,234,22,0,8,8,16,1,17,256,0,0,0,0,82%,NA,392132.6,136
AL-503,Huntsville/North Alabama CoC,230,106,336,78,10,88,308,116,21,13,34,21,3,24,424,115,12,17,27,81%,90%,405929.54,111
AL-504,Montgomery City & County CoC,203,69,272,97,0,97,300,69,48,6,54,19,2,21,369,97,51,72,98,28%,94%,4089720.74,63
AL-505,Gadsden/Northeast Alabama CoC,59,60,119,27,0,27,86,60,5,3,8,11,2,13,146,NA,NA,NA,NA,NA,NA,-8567.03,35
AL-506,Tuscaloosa City & County CoC,34,1,35,22,0,22,56,1,10,0,10,0,0,0,57,248,7,15,23,62%,99%,187087,4
AL-507,Alabama Balance of State CoC,339,184,523,101,106,207,440,290,25,15,40,17,24,41,730,310,2,2,4,0%,94%,0,13
AR-500,Little Rock/Central Arkansas CoC,432,518,950,99,32,131,531,550,70,54,124,36,38,74,1081,71,47,74,130,50%,97%,4393244.01,232
AR-501,Fayetteville/Northwest Arkansas CoC,197,151,348,126,0,126,323,151,40,20,60,45,6,51,474,102,10,10,16,26%,58%,-24496.68,42
AR-503,Arkansas  Balance of State  CoC,224,442,666,85,17,102,309,459,14,17,31,19,73,92,768,57,28,35,55,25%,94%,29652.25,107
AR-504,Delta Hills CoC,32,19,51,0,6,6,32,25,11,0,11,1,1,2,57,NA,NA,NA,NA,NA,NA,141840,18
AR-505,Southeast Arkansas CoC,47,6,53,48,0,48,95,6,3,0,3,9,0,9,101,52,12,17,25,27%,100%,87512.11,0
AR-508,Fort Smith CoC,149,63,212,16,3,19,165,66,12,10,22,12,0,12,231,71,8,17,21,14%,NA,0,67
AR-512,"Boone, Baxter, Marion, Newton Counties CoC",0,0,0,0,0,0,0,0,0,0,0,0,0,0,0,NA,NA,NA,NA,NA,NA,0,.
AZ-500,Arizona Balance of State CoC,664,974,1638,438,111,549,1102,1085,107,170,277,57,63,120,2187,69,118,178,278,42%,94%,96887,537
AZ-501,Tucson/Pima County CoC,720,359,1079,297,4,301,1017,363,158,45,203,67,36,103,1380,89,394,531,709,46%,94%,7658228.96,263
AZ-502,"Phoenix, Mesa/Maricopa County CoC",1970,2572,4542,1710,46,1756,3680,2618,275,138,413,273,142,415,6298,97,618,989,1420,33%,93%,35485685.08,974
CA-500,San Jose/Santa Clara City & County CoC,1115,5152,6267,691,296,987,1806,5448,206,452,658,81,2436,2517,7254,124,126,197,261,28%,93%,11436237.63,2139
CA-501,San Francisco CoC,1878,4333,6211,626,20,646,2504,4353,300,356,656,168,1124,1292,6857,590,51,73,87,69%,97%,42551644.65,1757
CA-502,"Oakland, Berkeley/Alameda County CoC",964,3837,4801,669,26,695,1633,3863,148,378,526,197,738,935,5496,170,184,290,433,46%,97%,36144379.7,1742
CA-503,Sacramento City & County CoC,1069,2035,3104,500,17,517,1569,2052,165,327,492,121,118,239,3621,121,312,456,721,42%,97%,32438881.28,1192
CA-504,"Santa Rosa, Petaluma/Sonoma County CoC",760,1897,2657,307,32,339,1067,1929,63,144,207,62,443,505,2996,112,70,128,182,41%,92%,3152822.76,747
CA-505,Richmond/Contra Costa County CoC,523,1432,1955,174,105,279,697,1537,56,46,102,38,95,133,2234,135,78,115,178,58%,97%,16171920.74,555
CA-506,"Salinas/Monterey, San Benito Counties CoC",385,2298,2683,400,216,616,785,2514,111,56,167,34,589,623,3299,194,46,72,88,44%,97%,1538597.35,942
CA-507,Marin County CoC,242,678,920,145,30,175,387,708,22,67,89,18,115,133,1095,180,42,65,79,47%,96%,4648237.2,399
CA-508,Watsonville/Santa Cruz City & County CoC,281,1630,1911,240,169,409,521,1799,28,217,245,41,573,614,2320,205,10,32,48,44%,100%,2514703.14,634
CA-509,Mendocino County CoC,106,723,829,51,0,51,157,723,6,6,12,2,13,15,880,112,9,10,16,11%,91%,1557953,96
CA-510,"Turlock, Modesto/Stanislaus County CoC",507,573,1080,243,33,276,750,606,45,42,87,33,46,79,1356,88,63,93,135,26%,98%,3148620.12,241
CA-511,Stockton/San Joaquin County CoC,505,549,1054,613,18,631,1118,567,64,32,96,29,29,58,1685,54,92,141,194,14%,95%,3112339.71,262
CA-512,Daly/San Mateo County CoC,249,562,811,352,75,427,601,637,43,57,100,19,11,30,1238,98,82,120,160,46%,96%,12395633.18,238
CA-513,"Visalia/Kings, Tulare Counties CoC",185,638,823,130,14,144,315,652,6,40,46,23,49,72,967,73,49,79,116,31%,94%,3947020.46,288
CA-514,Fresno City & County/Madera County CoC,214,1672,1886,249,9,258,463,1681,86,125,211,30,67,97,2144,78,71,93,135,69%,91%,6431777.2,524
CA-515,"Roseville, Rocklin/Placer, Nevada Counties CoC",331,435,766,161,23,184,492,458,31,24,55,15,41,56,950,115,63,97,132,31%,89%,1225810.19,327
CA-516,"Redding/Shasta, Siskiyou, Lassen, Plumas, Del Norte, Modoc, Sierra Counties CoC",339,616,955,120,74,194,459,690,56,68,124,27,24,51,1149,890,0,0,0,55%,100%,156591.46,431
CA-517,Napa City & County CoC,125,151,276,43,3,46,168,154,13,10,23,9,5,14,322,129,38,71,96,42%,98%,406066.26,158
CA-518,Vallejo/Solano County CoC,166,886,1052,46,31,77,212,917,19,105,124,39,179,218,1129,142,17,28,33,46%,91%,760120.95,461
CA-519,"Chico, Paradise/Butte County CoC",258,688,946,122,57,179,380,745,29,80,109,26,42,68,1125,86,48,71,104,24%,95%,345856.5,506
CA-520,Merced City & County CoC,155,301,456,47,11,58,202,312,3,10,13,13,21,34,514,63,4,7,14,8%,93%,392136,148
CA-521,"Davis, Woodland/Yolo County CoC",112,204,316,127,5,132,239,209,4,18,22,16,9,25,448,109,26,54,61,51%,98%,463734.62,157
CA-522,Humboldt County CoC,204,401,605,65,33,98,269,434,66,40,106,26,44,70,703,124,19,37,86,45%,90%,710804.3,363
CA-523,"Colusa, Glenn, Trinity Counties CoC",10,152,162,85,21,106,95,173,2,16,18,0,6,6,268,0,0,0,0,25%,NA,6469,94
CA-524,Yuba City & County/Sutter County CoC,72,385,457,220,88,308,292,473,1,27,28,2,20,22,765,163,3,3,3,61%,NA,2490,172
CA-525,El Dorado County CoC,119,358,477,30,138,168,149,496,0,82,82,19,22,41,645,138,8,11,13,25%,100%,9817,211
CA-526,"Amador, Calaveras, Mariposa, Tuolumne Counties CoC",45,220,265,89,44,133,134,264,9,10,19,3,19,22,398,74,12,18,34,64%,92%,389982,72
CA-527,Tehama County CoC,51,56,107,18,0,18,69,56,8,1,9,3,1,4,125,35,0,0,0,32%,NA,5524,55
CA-529,Lake County CoC,13,534,547,11,57,68,24,591,1,11,12,1,32,33,615,NA,NA,NA,NA,NA,NA,0,82
CA-530,"Alpine, Inyo, Mono Counties CoC",1,144,145,0,12,12,1,156,0,6,6,0,10,10,157,16,3,3,3,45%,NA,-54.18,65
CA-600,Los Angeles City & County CoC,6175,35904,42079,6210,1666,7876,12385,37570,871,2667,3538,899,1438,2337,49955,388,652,1036,1576,44%,96%,102615281.4,13275
CA-601,San Diego City and County CoC,2387,4676,7063,1199,314,1513,3586,4990,653,659,1312,186,690,876,8576,146,678,964,1321,43%,95%,19806786.29,2171
CA-602,"Santa Ana, Anaheim/Orange County CoC",1262,2518,3780,1109,66,1175,2371,2584,62,357,419,50,75,125,4955,117,87,122,202,49%,99%,20982781.59,1066
CA-603,Santa Maria/Santa Barbara County CoC,596,739,1335,217,154,371,813,893,55,49,104,44,98,142,1706,116,109,153,234,33%,96%,1693115.12,307
CA-604,Bakersfield/Kern County CoC,353,362,715,162,8,170,515,370,62,18,80,29,27,56,885,116,127,214,261,56%,97%,6229288.71,133
CA-606,Long Beach CoC,527,1151,1678,138,57,195,665,1208,195,110,305,18,49,67,1873,110,36,47,75,56%,90%,1555671.28,587
CA-607,Pasadena CoC,134,439,573,81,23,104,215,462,8,23,31,8,31,39,677,103,3,6,15,14%,96%,3589942.9,164
CA-608,Riverside City & County CoC,411,1676,2087,220,9,229,631,1685,37,99,136,65,175,240,2316,72,232,353,491,44%,97%,11527269.83,474
CA-609,San Bernardino City & County CoC,253,1340,1593,422,103,525,675,1443,45,125,170,25,117,142,2118,82,197,303,460,57%,98%,7399536.8,423
CA-611,"Oxnard, San Buenaventura/Ventura County CoC",300,809,1109,178,21,199,478,830,23,39,62,9,32,41,1308,166,11,24,41,58%,100%,3585666,280
CA-612,Glendale CoC,29,139,168,75,17,92,104,156,0,12,12,5,4,9,260,149,1,2,2,51%,94%,2442379.55,49
CA-613,Imperial County CoC,40,1271,1311,120,62,182,160,1333,3,127,130,20,76,96,1493,73,34,78,95,91%,NA,121691,44
CA-614,San Luis Obispo County CoC,184,809,993,89,13,102,273,822,17,76,93,23,187,210,1095,76,13,20,24,14%,86%,1198098.35,301
CO-500,Colorado Balance of State CoC,946,1600,2546,535,908,1443,1481,2508,124,191,315,81,165,246,3989,159,68,104,154,61%,95%,1240271,797
CO-503,Metropolitan Denver CoC,2700,1215,3915,1309,93,1402,4009,1308,422,144,566,141,113,254,5317,205,660,885,1103,39%,96%,32628373.85,1596
CO-504,Colorado Springs/El Paso County CoC,656,490,1146,382,23,405,1038,513,111,81,192,52,41,93,1551,108,129,209,276,29%,92%,2033426.28,345
CT-503,"Bridgeport, Stamford, Norwalk/Fairfield County CoC",350,82,432,309,0,309,659,82,40,1,41,31,22,53,741,133,81,141,209,56%,97%,5725585.32,52
CT-505,Connecticut Balance of State CoC,1349,499,1848,1387,0,1387,2736,499,137,12,149,87,47,134,3235,122,426,667,921,44%,98%,38584756.55,289
DC-500,District of Columbia CoC,3170,600,3770,3134,0,3134,6304,600,246,60,306,284,34,318,6904,204,366,603,901,65%,98%,18983135.44,1781
DE-500,Delaware Statewide CoC,615,93,708,374,0,374,989,93,67,3,70,45,8,53,1082,75,131,196,277,41%,96%,8455851.41,189
FL-500,"Sarasota, Bradenton/Manatee, Sarasota Counties CoC",519,435,954,221,17,238,740,452,59,49,108,44,13,57,1192,65,145,204,258,25%,88%,773486.37,250
FL-501,Tampa/Hillsborough County CoC,580,613,1193,575,27,602,1155,640,119,52,171,30,26,56,1795,99,162,234,364,53%,91%,5488853.71,262
FL-502,"St. Petersburg, Clearwater, Largo/Pinellas County CoC",1290,963,2253,357,2,359,1647,965,233,48,281,98,45,143,2612,76,717,901,1090,32%,92%,8209425.84,434
FL-503,"Lakeland, Winterhaven/Polk County CoC",220,134,354,198,0,198,418,134,16,10,26,21,7,28,552,79,67,108,162,29%,88%,1082526.23,84
FL-504,"Daytona Beach, Daytona/Volusia, Flagler Counties CoC",99,385,484,178,21,199,277,406,15,29,44,5,15,20,683,73,96,114,154,51%,93%,1354333.36,90
FL-505,"Fort Walton Beach/Okaloosa, Walton Counties CoC",22,326,348,61,86,147,83,412,2,28,30,0,14,14,495,78,18,21,37,66%,100%,-73320.62,119
FL-506,Tallahassee/Leon County CoC,548,92,640,262,7,269,810,99,89,19,108,47,9,56,909,88,158,231,302,29%,89%,7047712.99,151
FL-507,"Orlando/Orange, Osceola, Seminole Counties CoC",1002,338,1340,691,22,713,1693,360,156,25,181,104,16,120,2053,105,319,443,604,40%,95%,5904866.57,272
FL-508,"Gainesville/Alachua, Putnam Counties CoC",240,403,643,83,30,113,323,433,66,48,114,41,7,48,756,48,107,161,206,48%,91%,690151.6,272
FL-509,"Fort Pierce/St. Lucie, Indian River, Martin Counties CoC",60,794,854,453,235,688,513,1029,2,59,61,22,16,38,1542,112,45,61,80,88%,93%,1658912.76,56
FL-510,"Jacksonville-Duval, Clay Counties CoC",981,429,1410,384,0,384,1365,429,92,29,121,77,61,138,1794,132,42,75,133,33%,92%,6718630.14,327
FL-511,"Pensacola/Escambia, Santa Rosa Counties CoC",329,138,467,158,7,165,487,145,84,19,103,18,11,29,632,137,57,95,140,26%,84%,1233340,78
FL-512,St. Johns County CoC,55,164,219,123,0,123,178,164,6,24,30,11,14,25,342,89,33,45,50,49%,100%,58424,65
FL-513,"Palm Bay, Melbourne/Brevard County CoC",283,238,521,198,15,213,481,253,130,39,169,74,14,88,734,182,43,76,111,75%,95%,714593,116
FL-514,Ocala/Marion County CoC,188,255,443,113,16,129,301,271,69,0,69,26,22,48,572,3,8,12,24,38%,69%,404477,124
FL-515,"Panama City/Bay, Jackson Counties CoC",75,238,313,34,34,68,109,272,9,25,34,17,17,34,381,29,30,48,77,16%,100%,51047.1,98
FL-517,"Hendry, Hardee, Highlands Counties CoC",16,276,292,53,108,161,69,384,0,18,18,0,65,65,453,177,0,0,0,63%,NA,160123,259
FL-518,"Columbia, Hamilton, Lafayette, Suwannee Counties CoC",61,326,387,29,77,106,90,403,24,17,41,10,33,43,493,75,178,184,187,54%,100%,107984,38
FL-519,Pasco County CoC,104,725,829,149,1690,1839,253,2415,39,175,214,11,317,328,2668,0,0,0,0,NA,NA,384505.06,826
FL-520,"Citrus, Hernando, Lake, Sumter Counties CoC",183,243,426,266,19,285,449,262,27,18,45,15,14,29,711,125,41,51,67,44%,92%,981223.98,36
FL-600,Miami-Dade County CoC,1395,1030,2425,1091,0,1091,2486,1030,111,9,120,130,26,156,3516,135,626,862,1129,59%,99%,24965363.71,384
FL-601,Ft Lauderdale/Broward County CoC,1013,843,1856,436,26,462,1449,869,116,73,189,101,40,141,2318,93,323,459,627,45%,97%,9158829.04,439
FL-602,Punta Gorda/Charlotte County CoC,54,76,130,24,10,34,78,86,39,1,40,0,5,5,164,72,44,64,89,91%,91%,69197,45
FL-603,"Ft Myers, Cape Coral/Lee County CoC",250,173,423,274,31,305,524,204,7,11,18,22,9,31,728,135,63,104,134,54%,86%,1685308.27,132
FL-604,Monroe County CoC,547,177,724,214,35,249,761,212,22,45,67,16,5,21,973,125,55,88,99,18%,83%,175711,62
FL-605,West Palm Beach/Palm Beach County CoC,196,768,964,262,83,345,458,851,47,83,130,46,19,65,1309,89,159,241,356,67%,96%,5844918.62,164
FL-606,Naples/Collier County CoC,376,175,551,64,38,102,440,213,3,8,11,34,32,66,653,147,7,8,9,32%,100%,451738.77,119
GA-500,Atlanta CoC,1804,732,2536,532,8,540,2336,740,303,96,399,137,28,165,3076,145,344,546,757,31%,92%,26010377.18,335
GA-501,Georgia Balance of State CoC,698,1704,2402,1159,169,1328,1857,1873,50,117,167,73,105,178,3730,125,186,314,450,57%,92%,2219082.16,266
GA-502,Fulton County CoC,49,66,115,85,22,107,134,88,12,0,12,24,6,30,222,216,21,31,50,55%,90%,0,86
GA-503,Athens-Clarke County CoC,82,46,128,84,0,84,166,46,10,4,14,3,2,5,212,127,23,39,53,62%,92%,14260.43,37
GA-504,Augusta-Richmond County CoC,191,47,238,31,0,31,222,47,24,5,29,9,2,11,269,122,33,44,53,15%,97%,184951.56,18
GA-505,Columbus-Muscogee/Russell County CoC,154,80,234,42,0,42,196,80,3,10,13,15,2,17,276,112,19,28,36,51%,88%,1452538.11,28
GA-506,Marietta/Cobb County CoC,141,104,245,125,14,139,266,118,11,14,25,9,2,11,384,62,41,60,87,48%,93%,1668356.64,41
GA-507,Savannah/Chatham County CoC,411,464,875,134,0,134,545,464,16,22,38,27,40,67,1009,69,76,103,135,28%,97%,2061059.13,223
GA-508,DeKalb County CoC,27,143,170,151,0,151,178,143,0,8,8,0,10,10,321,177,7,20,49,77%,94%,4107925,46
GU-500,Guam CoC,22,187,209,105,540,645,127,727,4,10,14,5,2,7,854,66,11,23,38,48%,91%,808066.7,66
HI-500,Hawaii Balance of State CoC,226,1000,1226,479,330,809,705,1330,28,97,125,11,35,46,2035,135,119,200,296,50%,92%,1943414.81,597
HI-501,Honolulu City and County CoC,989,1916,2905,1361,229,1590,2350,2145,212,195,407,39,104,143,4495,227,308,474,626,60%,95%,10240044.82,1117
IA-500,"Sioux City/Dakota, Woodbury Counties CoC",166,6,172,92,0,92,258,6,24,1,25,7,0,7,264,98,1,8,8,53%,47%,427581,27
IA-501,Iowa Balance of State CoC,820,107,927,773,21,794,1593,128,73,6,79,119,13,132,1721,105,186,326,493,45%,91%,4419850,133
IA-502,Des Moines/Polk County CoC,505,107,612,152,0,152,657,107,80,12,92,61,9,70,764,65,159,238,358,29%,91%,10156334.73,110
ID-500,Boise/Ada County CoC,492,121,613,143,0,143,635,121,98,15,113,23,10,33,756,88,16,27,34,20%,99%,1804329.64,182
ID-501,Idaho Balance of State CoC,280,404,684,374,198,572,654,602,48,54,102,32,50,82,1256,98,103,172,246,61%,95%,0,142
IL-500,McHenry County CoC,119,5,124,55,0,55,174,5,39,0,39,14,0,14,179,206,7,9,15,50%,84%,472580.05,23
IL-501,"Rockford/Winnebago, Boone Counties CoC",126,43,169,87,0,87,213,43,16,5,21,13,6,19,256,64,6,15,33,48%,96%,2132712.28,18
IL-502,"Waukegan, North Chicago/Lake County CoC",137,24,161,116,0,116,253,24,13,0,13,12,0,12,277,75,66,138,172,41%,95%,1020993.18,33
IL-503,"Champaign, Urbana, Rantoul/Champaign County CoC",112,9,121,67,0,67,179,9,6,1,7,11,0,11,188,88,15,23,35,49%,55%,581009.14,9
IL-504,Madison County CoC,44,44,88,51,7,58,95,51,3,2,5,4,1,5,146,152,7,10,20,54%,95%,542875.41,22
IL-506,"Joliet, Bolingbrook/Will County CoC",138,43,181,160,0,160,298,43,15,1,16,12,4,16,341,66,16,35,53,18%,97%,5761930,23
IL-507,"Peoria, Pekin/Fulton, Tazewell, Peoria, Woodford Counties CoC",216,32,248,150,2,152,366,34,31,6,37,13,0,13,400,72,2,17,41,44%,98%,1874064.17,54
IL-508,"East St. Louis, Belleville/St. Clair County CoC",61,63,124,99,27,126,160,90,24,5,29,3,8,11,250,140,1,9,12,62%,96%,2459802.2,26
IL-509,Dekalb City & County CoC,42,3,45,55,0,55,97,3,5,0,5,12,0,12,100,86,6,13,17,81%,94%,468921.06,7
IL-510,Chicago CoC,2203,1350,3553,1890,7,1897,4093,1357,296,198,494,269,41,310,5450,124,661,985,1380,26%,97%,78871647.76,971
IL-511,Cook County CoC,470,89,559,311,3,314,781,92,47,3,50,59,3,62,873,87,105,139,172,36%,96%,8706377.21,134
IL-512,Bloomington/Central Illinois CoC,225,23,248,137,2,139,362,25,9,1,10,67,2,69,387,107,20,37,46,44%,98%,2274633.98,43
IL-513,Springfield/Sangamon County CoC,178,17,195,74,2,76,252,19,18,0,18,12,0,12,271,74,116,134,153,26%,93%,9825250.99,32
IL-514,DuPage County CoC,156,15,171,124,0,124,280,15,12,0,12,44,0,44,295,105,55,65,77,39%,97%,2891923.2,31
IL-515,South Central Illinois CoC,25,19,44,45,3,48,70,22,1,2,3,1,1,2,92,22,10,26,29,46%,100%,887723.01,5
IL-516,Decatur/Macon County CoC,80,18,98,60,3,63,140,21,4,0,4,4,2,6,161,133,4,7,9,26%,95%,660403.9,16
IL-517,"Aurora, Elgin/Kane County CoC",293,25,318,112,0,112,405,25,22,0,22,22,0,22,430,192,44,69,91,27%,100%,1723879.71,145
IL-518,"Rock Island, Moline/Northwestern Illinois CoC",122,16,138,60,0,60,182,16,8,0,8,15,1,16,198,171,14,20,29,61%,85%,144627.52,0
IL-519,West Central Illinois CoC,23,0,23,44,0,44,67,0,0,0,0,6,0,6,67,56,22,44,59,50%,100%,1038553,2
IL-520,Southern Illinois CoC,106,38,144,128,10,138,234,48,5,6,11,16,6,22,282,71,27,41,47,37%,93%,1097676.24,31
IN-502,Indiana Balance of State CoC,2042,435,2477,1091,8,1099,3133,443,242,36,278,166,36,202,3576,87,431,666,944,44%,93%,8547228.82,244
IN-503,Indianapolis CoC,1163,136,1299,383,0,383,1546,136,249,12,261,57,9,66,1682,97,110,184,306,42%,94%,14558978.05,205
KS-502,Wichita/Sedgwick County CoC,363,58,421,152,0,152,515,58,54,4,58,43,5,48,573,82,100,156,210,25%,90%,2548717.47,33
KS-503,Topeka/Shawnee County CoC,221,61,282,126,0,126,347,61,49,9,58,16,0,16,408,1048,1,2,2,100%,95%,3577630.08,141
KS-505,"Overland Park, Shawnee/Johnson County CoC",28,36,64,102,2,104,130,38,1,4,5,5,3,8,168,107,0,1,4,79%,95%,286789.48,19
KS-507,Kansas Balance of State CoC,420,161,581,337,0,337,757,161,52,6,58,43,11,54,918,311,230,312,375,36%,88%,1776642.89,82
KY-500,Kentucky Balance of State CoC,844,608,1452,541,84,625,1385,692,102,46,148,76,38,114,2077,72,193,269,366,55%,92%,10161792.18,142
KY-501,Louisville-Jefferson County CoC,555,148,703,218,5,223,773,153,115,14,129,49,9,58,926,64,246,332,413,20%,97%,9578797.94,129
KY-502,Lexington-Fayette County CoC,557,23,580,105,0,105,662,23,91,1,92,16,5,21,685,56,86,156,208,20%,98%,2125344.68,98
LA-500,Lafayette/Acadiana CoC,113,171,284,77,2,79,190,173,20,6,26,7,7,14,363,98,41,59,87,78%,97%,2359346,64
LA-502,"Shreveport, Bossier/Northwest Louisiana CoC",227,44,271,104,0,104,331,44,98,2,100,16,2,18,375,76,80,124,152,29%,95%,3617783.47,55
LA-503,New Orleans/Jefferson Parish CoC,470,587,1057,124,7,131,594,594,94,15,109,79,19,98,1188,44,58,166,234,72%,98%,21169573.22,193
LA-505,Monroe/Northeast Louisiana CoC,73,3,76,106,5,111,179,8,6,1,7,14,0,14,187,64,11,16,25,72%,95%,1471232.23,10
LA-506,Slidell/Southeast Louisiana CoC,120,54,174,15,5,20,135,59,35,7,42,7,3,10,194,134,0,2,7,47%,97%,503869.73,25
LA-507,Alexandria/Central Louisiana CoC,99,53,152,25,0,25,124,53,24,2,26,1,1,2,177,90,9,10,16,83%,88%,443183.36,28
LA-509,Louisiana Balance of State CoC,400,126,526,41,8,49,441,134,85,11,96,48,10,58,575,73,46,65,91,37%,93%,1822929,101
LA-509,Louisiana Balance of State CoC,400,126,526,41,8,49,441,134,85,11,96,48,10,58,575,73,46,65,91,37%,93%,15373130.09,101
MA-500,Boston CoC,2372,163,2535,3653,0,3653,6025,163,268,7,275,143,8,151,6188,111,307,449,571,70%,97%,41899158.57,724
MA-502,Lynn CoC,86,42,128,933,0,933,1019,42,4,1,5,4,8,12,1061,370,10,16,19,50%,99%,2395280.06,66
MA-503,Cape Cod Islands CoC,137,37,174,182,2,184,319,39,8,4,12,5,0,5,358,136,12,19,27,39%,90%,1183971.97,56
MA-504,Springfield/Hampden County CoC,413,44,457,2911,0,2911,3324,44,16,3,19,24,2,26,3368,132,19,31,90,43%,93%,-484196.2,206
MA-505,New Bedford CoC,173,49,222,187,0,187,360,49,50,2,52,14,1,15,409,92,17,26,51,49%,100%,1882691.65,29
MA-506,Worcester City & County CoC,594,170,764,1088,0,1088,1682,170,206,9,215,60,21,81,1852,158,127,193,277,43%,95%,6357105.29,133
MA-507,"Pittsfield/Berkshire, Franklin, Hampshire Counties CoC",352,54,406,245,0,245,597,54,188,4,192,11,5,16,651,100,20,51,85,36%,93%,1075922.5,72
MA-508,Lowell CoC,192,26,218,565,0,565,757,26,28,2,30,7,3,10,783,183,15,18,29,27%,99%,322317.02,75
MA-509,Cambridge CoC,324,79,403,158,0,158,482,79,10,5,15,29,8,37,561,135,3,6,9,12%,98%,4076221.87,194
MA-510,"Gloucester, Haverhill, Salem/Essex County CoC",197,43,240,492,0,492,689,43,30,0,30,11,0,11,732,174,10,21,51,39%,91%,1489692.06,75
MA-511,"Quincy, Brockton, Weymouth, Plymouth City and County CoC",313,22,335,755,0,755,1068,22,46,0,46,20,1,21,1090,162,40,68,91,27%,99%,5734198.54,180
MA-515,Fall River CoC,70,32,102,275,0,275,345,32,1,2,3,2,0,2,377,96,14,28,45,57%,99%,2308540.23,63
MA-516,Massachusetts Balance of State CoC,475,170,645,1651,0,1651,2126,170,56,9,65,33,32,65,2296,256,15,31,50,25%,96%,1244539.08,205
MA-517,Somerville CoC,90,10,100,34,0,34,124,10,22,0,22,8,0,8,134,160,1,1,3,37%,96%,1322959.56,11
MA-519,"Attleboro, Taunton/Bristol County CoC",40,42,82,126,0,126,166,42,1,3,4,2,3,5,208,171,6,7,12,47%,100%,603295,33
MD-500,Cumberland/Allegany County CoC,17,21,38,38,3,41,55,24,0,1,1,1,0,1,79,200,0,2,6,84%,95%,514201,5
MD-501,Baltimore CoC,1571,546,2117,391,0,391,1962,546,271,24,295,56,29,85,2508,145,102,183,282,36%,95%,20589324.29,592
MD-502,Harford County CoC,79,21,100,90,0,90,169,21,6,1,7,7,2,9,190,118,14,15,21,33%,94%,494086,46
MD-503,Annapolis/Anne Arundel County CoC,183,83,266,97,3,100,280,86,16,8,24,8,2,10,366,109,27,45,71,38%,92%,3928357.25,85
MD-504,Howard County CoC,51,40,91,74,3,77,125,43,1,5,6,3,5,8,168,119,14,19,41,59%,99%,776730.64,37
MD-505,Baltimore County CoC,203,226,429,269,60,329,472,286,16,21,37,8,16,24,758,94,80,135,231,70%,96%,6543285.47,189
MD-506,Carroll County CoC,78,22,100,73,0,73,151,22,4,2,6,7,2,9,173,144,10,22,35,33%,94%,267509,31
MD-507,Cecil County CoC,49,41,90,39,0,39,88,41,37,8,45,0,4,4,129,209,6,6,7,69%,100%,57160.24,22
MD-508,"Charles, Calvert, St.Mary's Counties CoC",124,150,274,82,136,218,206,286,8,19,27,11,10,21,492,116,6,14,34,59%,98%,1239074,87
MD-509,Frederick City & County CoC,123,84,207,109,0,109,232,84,7,2,9,10,9,19,316,249,3,4,8,37%,100%,239084,52
MD-510,Garrett County CoC,8,0,8,7,0,7,15,0,0,0,0,0,0,0,15,111,4,9,12,92%,100%,236927,0
MD-511,Mid-Shore Regional CoC,61,17,78,50,13,63,111,30,8,1,9,7,1,8,141,77,14,19,24,45%,99%,0,19
MD-512,Hagerstown/Washington County CoC,113,36,149,41,9,50,154,45,36,2,38,3,4,7,199,72,2,5,6,37%,87%,128117,45
MD-513,"Wicomico, Somerset, Worcester Counties CoC",167,27,194,93,5,98,260,32,21,2,23,10,0,10,292,95,57,103,130,33%,96%,1399512.35,56
MD-600,Prince George's County CoC,120,85,205,273,0,273,393,85,21,8,29,21,2,23,478,145,14,22,45,52%,95%,4833834.24,19
MD-601,Montgomery County CoC,435,133,568,272,0,272,707,133,18,0,18,23,6,29,840,124,67,116,178,36%,98%,7986488.06,124
ME-500,Maine Statewide CoC,1359,91,1450,1059,7,1066,2418,98,106,13,119,143,9,152,2516,171,436,570,727,41%,94%,8921151.94,215
MI-500,Michigan Balance of State CoC,565,154,719,587,37,624,1152,191,62,8,70,120,19,139,1343,34,411,569,800,50%,92%,701499.12,53
MI-501,Detroit CoC,1114,154,1268,497,4,501,1611,158,305,17,322,111,9,120,1769,84,665,830,1063,45%,97%,27310865.73,221
MI-502,"Dearborn, Dearborn Heights, Westland/Wayne County CoC",61,13,74,137,0,137,198,13,12,0,12,1,1,2,211,91,28,42,49,70%,99%,575232,16
MI-503,"St. Clair Shores, Warren/Macomb County CoC",169,28,197,73,0,73,242,28,16,0,16,21,0,21,270,48,74,107,149,26%,97%,145494.78,27
MI-504,"Pontiac, Royal Oak/Oakland County CoC",222,71,293,134,0,134,356,71,8,0,8,32,2,34,427,95,80,105,130,68%,98%,8120552.03,42
MI-505,Flint/Genesee County CoC,194,91,285,144,9,153,338,100,12,5,17,43,2,45,438,54,72,96,116,38%,96%,1994404.69,30
MI-506,"Grand Rapids, Wyoming/Kent County CoC",411,38,449,264,10,274,675,48,65,3,68,29,7,36,723,87,111,205,328,47%,94%,7134807.58,102
MI-507,"Portage, Kalamazoo City & County CoC",292,51,343,222,2,224,514,53,20,4,24,18,3,21,567,74,172,284,411,53%,95%,1616833.64,129
MI-508,"Lansing, East Lansing/Ingham County CoC",255,39,294,125,0,125,380,39,28,2,30,26,3,29,419,48,172,330,436,37%,96%,20661933.01,43
MI-509,Washtenaw County CoC,183,27,210,72,0,72,255,27,25,1,26,25,0,25,282,62,69,106,144,53%,97%,5630923.06,45
MI-510,Saginaw City & County CoC,141,12,153,204,0,204,345,12,11,1,12,23,0,23,357,64,112,172,217,58%,97%,2034396.14,10
MI-511,Lenawee County CoC,54,0,54,63,0,63,117,0,0,0,0,8,0,8,117,36,11,18,25,27%,80%,103083,5
MI-512,"Grand Traverse, Antrim, Leelanau Counties CoC",146,23,169,66,0,66,212,23,11,1,12,14,1,15,235,73,56,81,96,47%,99%,452668.85,48
MI-513,"Marquette, Alger Counties CoC",25,9,34,36,0,36,61,9,1,0,1,3,1,4,70,60,10,14,15,61%,83%,272758,4
MI-514,Battle Creek/Calhoun County CoC,131,41,172,64,0,64,195,41,41,3,44,5,8,13,236,64,67,95,115,39%,NA,223452.52,25
MI-515,Monroe City & County CoC,128,7,135,71,3,74,199,10,11,0,11,18,7,25,209,89,17,32,47,33%,98%,125684,24
MI-516,"Norton Shores, Muskegon City & County CoC",80,26,106,45,8,53,125,34,4,0,4,9,4,13,159,52,193,237,279,62%,97%,321160.98,19
MI-517,Jackson City & County CoC,56,9,65,16,0,16,72,9,5,1,6,3,0,3,81,67,42,67,100,46%,98%,837585.86,10
MI-518,Livingston County CoC,39,7,46,39,5,44,78,12,4,1,5,13,0,13,90,25,20,35,51,27%,94%,102089.79,0
MI-519,Holland/Ottawa County CoC,119,14,133,91,2,93,210,16,5,0,5,12,3,15,226,81,99,150,231,47%,98%,991657,4
MI-523,Eaton County CoC,5,5,10,112,0,112,117,5,0,0,0,0,0,0,122,102,15,40,68,83%,100%,702969.14,4
MN-500,Minneapolis/Hennepin County CoC,1288,404,1692,1321,0,1321,2609,404,116,22,138,170,37,207,3013,79,324,508,716,23%,92%,10270381.05,490
MN-501,Saint Paul/Ramsey County CoC,776,110,886,519,19,538,1295,129,57,3,60,95,21,116,1424,75,73,131,190,20%,90%,12200940.46,235
MN-502,Rochester/Southeast Minnesota CoC,173,59,232,258,7,265,431,66,10,3,13,77,13,90,497,176,23,43,61,61%,88%,1366701.44,32
MN-503,"Dakota, Anoka, Washington, Scott, Carver Counties",198,147,345,215,65,280,413,212,18,3,21,48,29,77,625,113,59,78,123,61%,93%,1898479.01,78
MN-504,Northeast Minnesota CoC,26,31,57,21,12,33,47,43,1,3,4,8,2,10,90,99,10,18,22,67%,92%,108245,12
MN-505,St. Cloud/Central Minnesota CoC,192,86,278,287,19,306,479,105,25,13,38,53,24,77,584,109,32,59,110,44%,91%,613793.32,64
MN-506,Northwest Minnesota CoC,101,8,109,165,0,165,266,8,4,0,4,33,4,37,274,120,48,74,103,47%,87%,740395.98,22
MN-508,Moorhead/West Central Minnesota CoC,106,6,112,134,0,134,240,6,9,1,10,17,0,17,246,83,11,18,32,43%,94%,789122.81,25
MN-509,Duluth/St.Louis County CoC,138,123,261,139,25,164,277,148,9,3,12,51,18,69,425,91,128,206,332,37%,90%,3558895.13,108
MN-511,Southwest Minnesota CoC,21,0,21,44,0,44,65,0,1,0,1,9,0,9,65,65,14,25,34,66%,89%,809629.38,0
MO-500,St. Louis County CoC,232,26,258,192,0,192,424,26,14,2,16,125,3,128,450,77,23,37,45,46%,97%,1720009.92,45
MO-501,St.Louis City CoC,522,97,619,330,0,330,852,97,132,4,136,47,7,54,949,129,78,132,214,41%,98%,6459448.18,95
MO-503,"St. Charles City & County, Lincoln, Warren Counties CoC",125,153,278,245,9,254,370,162,4,5,9,40,25,65,532,63,14,15,17,56%,87%,60191,33
MO-600,"Springfield/Greene, Christian, Webster Counties CoC",125,189,314,157,8,165,282,197,5,23,28,21,31,52,479,64,22,30,44,38%,92%,781480.28,135
MO-602,"Joplin/Jasper, Newton Counties CoC",175,52,227,45,3,48,220,55,54,11,65,10,2,12,275,184,19,27,52,68%,91%,305232.37,32
MO-603,"St. Joseph/Andrew, Buchanan, DeKalb Counties CoC",73,30,103,101,0,101,174,30,12,2,14,4,5,9,204,110,315,492,584,48%,84%,482090.69,62
MO-604,"Kansas City, Independence, Lee’s Summit/Jackson, Wyandotte Counties, MO & KS",894,306,1200,580,18,598,1474,324,108,35,143,103,12,115,1798,NA,NA,NA,NA,NA,NA,10642894.46,NA
MO-606,Missouri Balance of State CoC,553,319,872,430,43,473,983,362,97,15,112,86,20,106,1345,65,76,107,152,55%,93%,16388152.5,250
MP-500,Northern Mariana Islands CoC,22,335,357,0,687,687,22,1022,0,0,0,2,0,2,1044,0,0,0,0,55%,NA,0,0
MS-500,"Jackson/Rankin, Madison Counties CoC",225,137,362,84,0,84,309,137,10,34,44,16,23,39,446,3524,18,22,33,19%,93%,4693798.28,172
MS-501,Mississippi Balance of State CoC,199,205,404,98,58,156,297,263,27,16,43,16,10,26,560,70,28,42,84,72%,83%,2462893.32,58
MS-503,Gulf Port/Gulf Coast Regional CoC,37,221,258,88,0,88,125,221,0,15,15,3,19,22,346,51,7,12,22,61%,94%,1066230.5,49
MT-500,Montana Statewide CoC,682,301,983,350,72,422,1032,373,125,73,198,92,27,119,1405,158,6,10,12,72%,43%,3815405.64,200
NC-500,Winston-Salem/Forsyth County CoC,318,33,351,89,0,89,407,33,50,3,53,12,4,16,440,73,63,87,137,27%,98%,946282.06,72
NC-501,Asheville/Buncombe County CoC,464,51,515,33,6,39,497,57,242,5,247,20,3,23,554,145,83,121,230,65%,95%,1979379.19,82
NC-502,Durham City & County CoC,193,53,246,92,0,92,285,53,62,1,63,17,4,21,338,111,56,72,109,47%,96%,1443351.94,68
NC-503,North Carolina Balance of State CoC,1305,769,2074,718,199,917,2023,968,100,56,156,119,55,174,2991,77,176,308,428,43%,99%,2542646.53,485
NC-504,"Greensboro, High Point CoC",376,104,480,169,8,177,545,112,55,0,55,37,4,41,657,84,135,230,317,58%,86%,2014514.84,36
NC-505,Charlotte/Mecklenberg CoC,924,209,1133,535,0,535,1459,209,130,16,146,63,19,82,1668,94,234,343,473,59%,94%,7587125.71,217
NC-506,"Wilmington/Brunswick, New Hanover, Pender Counties CoC",144,127,271,62,0,62,206,127,18,12,30,16,3,19,333,73,58,80,111,46%,96%,718764.23,32
NC-507,Raleigh/Wake County CoC,478,187,665,313,5,318,791,192,63,17,80,35,10,45,983,62,172,266,348,24%,97%,15161319.34,121
NC-509,"Gastonia/Cleveland, Gaston, Lincoln Counties CoC",136,112,248,69,14,83,205,126,2,0,2,7,7,14,331,52,18,22,41,58%,97%,733289.18,79
NC-511,Fayetteville/Cumberland County CoC,14,128,142,133,97,230,147,225,5,33,38,1,14,15,372,403,12,19,29,83%,99%,691512.17,67
NC-513,Chapel Hill/Orange County CoC,83,37,120,30,2,32,113,39,6,6,12,3,1,4,152,137,4,5,7,35%,96%,248335.43,19
NC-516,Northwest North Carolina CoC,86,120,206,54,189,243,140,309,2,0,2,4,20,24,449,78,15,22,26,28%,100%,303815.31,15
ND-500,North Dakota Statewide CoC,419,48,467,75,0,75,494,48,9,0,9,58,7,65,542,378,125,180,242,28%,90%,2581545.7,76
NE-500,Nebraska Balance of State CoC,297,30,327,227,5,232,524,35,11,2,13,40,6,46,559,69,119,182,235,54%,94%,1362569.46,24
NE-501,"Omaha, Council Bluffs CoC",1058,64,1122,289,0,289,1347,64,141,1,142,77,6,83,1411,72,223,384,554,27%,91%,4123240.32,358
NE-502,Lincoln CoC,253,43,296,153,2,155,406,45,16,0,16,27,1,28,451,97,66,101,145,27%,88%,3884662.72,73
NH-500,New Hampshire Balance of State CoC,352,115,467,268,7,275,620,122,28,7,35,31,17,48,742,115,219,287,355,51%,95%,4948368.36,135
NH-501,Manchester CoC,183,21,204,218,5,223,401,26,47,0,47,19,4,23,427,119,55,70,119,31%,94%,1876673.06,16
NH-502,Nashua/Hillsborough County CoC,158,6,164,117,0,117,275,6,61,0,61,10,0,10,281,168,29,45,67,51%,96%,2329205,10
NJ-500,Atlantic City & County CoC,270,131,401,36,0,36,306,131,37,11,48,38,4,42,437,58,24,41,63,21%,92%,294371.49,105
NJ-501,Bergen County CoC,200,23,223,131,0,131,331,23,18,1,19,27,1,28,354,158,24,29,44,51%,95%,5318582.84,11
NJ-502,Burlington County CoC,405,52,457,379,4,383,784,56,17,5,22,40,1,41,840,137,7,20,40,30%,98%,465981,81
NJ-503,"Camden City & County/Gloucester, Cape May, Cumberland Counties CoC",568,137,705,286,8,294,854,145,125,5,130,57,7,64,999,69,153,189,243,29%,98%,3063489.02,146
NJ-504,Newark/Essex County CoC,978,389,1367,854,7,861,1832,396,61,15,76,120,27,147,2228,104,67,128,213,44%,95%,4672490.57,250
NJ-506,"Jersey City, Bayonne/Hudson County CoC",429,243,672,188,0,188,617,243,18,8,26,23,11,34,860,67,114,154,200,41%,97%,7045649.55,226
NJ-507,New Brunswick/Middlesex County CoC,224,131,355,242,0,242,466,131,4,12,16,6,6,12,597,124,6,16,27,66%,98%,2831727.12,88
NJ-508,Monmouth County CoC,115,72,187,148,0,148,263,72,7,3,10,5,2,7,335,60,12,17,20,20%,91%,5852924.5,40
NJ-509,Morris County CoC,214,35,249,149,0,149,363,35,9,1,10,17,4,21,398,142,19,25,39,35%,94%,1468629.05,65
NJ-510,Lakewood Township/Ocean County CoC,94,99,193,158,3,161,252,102,4,6,10,16,4,20,354,54,2,5,9,52%,95%,-139492,52
NJ-511,Paterson/Passaic County CoC,172,112,284,150,0,150,322,112,2,8,10,16,4,20,434,109,4,19,30,78%,97%,2210762.14,95
NJ-512,Salem County CoC,9,5,14,35,0,35,44,5,0,0,0,0,0,0,49,1415,1,1,2,45%,NA,127379,3
NJ-513,Somerset County CoC,146,6,152,66,0,66,212,6,86,1,87,20,1,21,218,142,0,1,11,45%,96%,304932,5
NJ-514,Trenton/Mercer County CoC,274,63,337,142,0,142,416,63,13,5,18,25,3,28,479,57,45,84,117,34%,93%,13583385.19,46
NJ-515,Elizabeth/Union County CoC,179,30,209,258,11,269,437,41,6,1,7,14,1,15,478,99,37,76,122,51%,97%,4018631.02,43
NJ-516,"Warren, Sussex, Hunterdon Counties CoC",193,50,243,83,12,95,276,62,63,3,66,15,3,18,338,89,29,44,62,29%,90%,598196,30
NM-500,Albuquerque CoC,747,368,1115,209,16,225,956,384,128,41,169,92,26,118,1340,66,122,203,287,35%,93%,6973088.99,421
NM-501,New Mexico Balance of State CoC,484,350,834,315,62,377,799,412,49,72,121,47,17,64,1211,68,78,112,154,35%,94%,5195926.33,470
NV-500,Las Vegas/Clark County CoC,1935,3851,5786,264,33,297,2199,3884,429,165,594,150,1145,1295,6083,62,471,647,916,32%,91%,11025791.89,505
NV-501,"Reno, Sparks/Washoe County CoC",867,184,1051,141,0,141,1008,184,99,20,119,71,23,94,1192,91,236,340,431,32%,87%,510978.08,106
NV-502,Nevada Balance of State CoC,71,150,221,27,21,48,98,171,2,8,10,6,9,15,269,88,20,24,31,36%,95%,396105.23,37
NY-500,"Rochester, Irondequoit, Greece/Monroe County CoC",487,56,543,292,0,292,779,56,65,8,73,78,0,78,835,32,228,378,653,43%,93%,8893594.27,90
NY-501,"Elmira/Steuben, Allegany, Livingston, Chemung, Schuyler Counties CoC",105,14,119,114,0,114,219,14,0,0,0,22,5,27,233,60,36,50,70,63%,93%,1313543.16,0
NY-503,Albany City & County CoC,545,35,580,255,0,255,800,35,81,3,84,44,0,44,835,65,74,131,183,35%,97%,6559803.29,99
NY-504,Cattaragus County CoC,21,0,21,12,0,12,33,0,1,0,1,3,0,3,33,23,1,5,10,49%,84%,234268.7,0
NY-505,"Syracuse, Auburn/Onondaga, Oswego, Cayuga Counties CoC",528,12,540,182,0,182,710,12,41,0,41,69,0,69,722,54,359,566,720,47%,94%,10663515.38,36
NY-507,Schenectady City & County CoC,203,11,214,179,0,179,382,11,22,4,26,30,1,31,393,65,47,78,119,46%,93%,3664816.1,38
NY-508,"Buffalo, Niagara Falls/Erie, Niagara, Orleans, Genesee, Wyoming Counties CoC",597,15,612,345,0,345,942,15,88,0,88,76,0,76,957,62,158,285,431,39%,96%,11581255.11,25
NY-510,Ithaca/Tompkins County CoC,30,45,75,16,0,16,46,45,3,5,8,10,2,12,91,37,8,28,49,52%,86%,58336,5
NY-511,"Binghamton, Union Town/Broome, Otsego, Chenango, Delaware, Cortland, Tioga Count",145,66,211,21,12,33,166,78,17,0,17,21,15,36,244,58,22,36,65,50%,87%,1151170.02,21
NY-512,Troy/Rensselaer County CoC,94,6,100,78,0,78,172,6,1,0,1,10,0,10,178,42,46,62,110,49%,94%,3341504.17,7
NY-513,"Wayne, Ontario, Seneca, Yates Counties CoC",163,19,182,0,0,0,163,19,20,0,20,30,1,31,182,82,0,1,8,31%,87%,281810.03,6
NY-514,"Jamestown, Dunkirk/Chautauqua County CoC",91,3,94,51,0,51,142,3,4,0,4,33,0,33,145,420,10,11,15,65%,100%,105264,1
NY-516,Clinton County CoC,113,1,114,83,0,83,196,1,4,0,4,9,0,9,197,134,16,32,43,66%,96%,125780,13
NY-518,"Utica, Rome/Oneida, Madison Counties CoC",91,9,100,71,7,78,162,16,4,0,4,12,0,12,178,51,6,24,42,72%,92%,595898.28,19
NY-519,"Columbia, Greene Counties CoC",108,5,113,83,0,83,191,5,0,0,0,13,0,13,196,0,0,0,0,50%,93%,314394.48,4
NY-520,"Franklin, Essex Counties CoC",25,0,25,17,0,17,42,0,2,0,2,1,0,1,42,52,1,7,12,43%,100%,63586.59,0
NY-522,"Jefferson, Lewis, St. Lawrence Counties CoC",75,6,81,15,0,15,90,6,7,0,7,4,3,7,96,67,24,51,90,73%,96%,621049.2,2
NY-523,"Glens Falls, Saratoga Springs/Saratoga, Washington, Warren, Hamilton Counties Co",204,21,225,30,2,32,234,23,26,0,26,16,1,17,257,61,47,52,67,60%,96%,1317611.4,16
NY-600,New York City CoC,29680,3711,33391,45285,0,45285,74965,3711,597,8,605,1922,220,2142,78676,271,4650,6493,9010,46%,98%,133774301.7,6336
NY-601,Poughkeepsie/Dutchess County CoC,217,9,226,173,0,173,390,9,5,0,5,29,0,29,399,154,92,112,134,32%,93%,1557085.31,26
NY-602,"Newburgh, Middletown/Orange County CoC",187,42,229,251,0,251,438,42,11,6,17,29,2,31,480,65,55,95,190,46%,NA,2183580.68,101
NY-603,"Nassau, Suffolk Counties CoC",940,52,992,2876,0,2876,3816,52,134,1,135,102,0,102,3868,169,104,174,278,41%,94%,8233177.76,117
NY-604,"Yonkers, Mount Vernon/Westchester County CoC",567,44,611,1216,0,1216,1783,44,42,3,45,69,4,73,1827,212,81,162,286,31%,97%,15278166.05,164
NY-606,Rockland County CoC,95,50,145,35,0,35,130,50,3,0,3,10,0,10,180,52,1,5,6,25%,100%,4369456.13,37
NY-607,Sullivan County CoC,117,7,124,63,2,65,180,9,3,0,3,11,5,16,189,33,44,76,89,90%,74%,0,0
NY-608,Kingston/Ulster County CoC,134,26,160,298,6,304,432,32,3,2,5,27,2,29,464,89,72,111,160,67%,87%,632170.67,32
OH-500,Cincinnati/Hamilton County CoC,784,47,831,283,0,283,1067,47,158,3,161,95,2,97,1114,64,413,680,1049,49%,98%,2614752.14,70
OH-501,Toledo/Lucas County CoC,383,20,403,257,2,259,640,22,24,0,24,24,0,24,662,87,76,122,236,53%,96%,4132495.63,51
OH-502,Cleveland/Cuyahoga County CoC,1299,78,1377,431,0,431,1730,78,158,1,159,93,11,104,1808,101,514,687,900,39%,99%,29946378.84,172
OH-503,Columbus/Franklin County CoC,959,282,1241,560,6,566,1519,288,86,14,100,96,29,125,1807,55,550,1036,1655,47%,93%,7587125.05,137
OH-504,Youngstown/Mahoning County CoC,72,23,95,85,0,85,157,23,10,2,12,12,0,12,180,90,58,83,130,31%,95%,2073181,25
OH-505,"Dayton, Kettering/Montgomery County CoC",515,51,566,114,0,114,629,51,51,1,52,84,2,86,680,51,205,333,494,32%,95%,10273396.98,30
OH-506,"Akron, Barberton/Summit County CoC",329,133,462,125,0,125,454,133,56,8,64,38,6,44,587,54,89,137,210,34%,95%,4220267.54,46
OH-507,Ohio Balance of State CoC,1287,522,1809,1213,111,1324,2500,633,141,21,162,145,39,184,3133,62,764,1252,1844,73%,97%,15129496.39,196
OH-508,"Canton, Massillon, Alliance/Stark County CoC",105,40,145,133,0,133,238,40,10,5,15,6,4,10,278,81,11,18,29,62%,93%,3321633.05,3
OK-500,North Central Oklahoma CoC,63,35,98,78,5,83,141,40,0,1,1,17,1,18,181,49,17,23,38,41%,75%,247395,7
OK-501,Tulsa City & County CoC,658,218,876,199,8,207,857,226,89,24,113,70,52,122,1083,89,48,75,107,74%,89%,3009745.5,159
OK-502,Oklahoma City CoC,591,349,940,198,45,243,789,394,85,36,121,41,12,53,1183,118,28,40,62,21%,88%,6962800.13,260
OK-503,Oklahoma Balance of State CoC,4,43,47,74,112,186,78,155,3,2,5,0,5,5,233,289,8,16,18,65%,91%,329807.56,42
OK-504,Norman/Cleveland County CoC,104,227,331,33,0,33,137,227,5,10,15,2,11,13,364,54,6,8,11,46%,91%,386770.99,303
OK-505,Northeast Oklahoma CoC,208,24,232,133,27,160,341,51,13,2,15,54,3,57,392,102,37,48,56,71%,76%,337852.39,93
OK-506,Southwest Oklahoma Regional CoC,76,38,114,74,3,77,150,41,4,25,29,14,2,16,191,573,16,18,22,48%,100%,63212,0
OK-507,Southeastern Oklahoma Regional CoC,144,41,185,43,16,59,187,57,7,7,14,28,1,29,244,34,36,48,83,65%,80%,104251.58,44
OR-500,"Eugene, Springfield/Lane County CoC",369,1021,1390,138,113,251,507,1134,53,120,173,34,98,132,1641,63,108,148,174,15%,95%,3470662.14,712
OR-501,"Portland, Gresham/Multnomah County CoC",1803,1591,3394,548,77,625,2351,1668,265,183,448,182,132,314,4019,92,362,715,1203,39%,95%,21912499.35,1384
OR-502,"Medford, Ashland/Jackson County CoC",307,317,624,96,12,108,403,329,82,34,116,37,27,64,732,92,26,43,56,37%,88%,168777.33,259
OR-503,Central Oregon CoC,198,390,588,34,165,199,232,555,24,36,60,42,56,98,787,54,58,90,116,34%,100%,621481.74,172
OR-505,Oregon Balance of State CoC,1243,3176,4419,615,1358,1973,1858,4534,128,346,474,168,473,641,6392,52,84,141,213,39%,91%,4469453.01,1503
OR-506,"Hillsboro, Beaverton/Washington County CoC",91,316,407,72,43,115,163,359,47,24,71,20,25,45,522,104,20,32,58,55%,92%,3722254.37,166
OR-507,Clackamas County CoC,16,301,317,21,45,66,37,346,1,20,21,7,8,15,383,66,1,1,7,22%,95%,2352278.17,125
PA-500,Philadelphia CoC,2506,1083,3589,2199,0,2199,4705,1083,203,36,239,204,96,300,5788,217,102,159,220,34%,97%,34028468.53,943
PA-501,Harrisburg/Dauphin County CoC,225,35,260,185,0,185,410,35,33,6,39,12,1,13,445,119,9,21,51,51%,88%,14193268.12,47
PA-502,"Upper Darby, Chester, Haverford/Delaware County CoC",181,53,234,180,0,180,361,53,6,0,6,15,3,18,414,114,21,34,59,49%,97%,3633974.4,33
PA-503,"Wilkes-Barre, Hazleton/Luzerne County CoC",89,6,95,70,0,70,159,6,9,0,9,15,0,15,165,74,120,142,173,61%,96%,3578698.13,0
PA-504,"Lower Merion, Norristown, Abington/Montgomery County CoC",121,20,141,150,0,150,271,20,8,0,8,5,0,5,291,157,57,94,160,59%,93%,3653542.53,20
PA-505,Chester County CoC,352,13,365,214,0,214,566,13,206,0,206,6,0,6,579,123,127,181,252,61%,95%,2136812.61,11
PA-506,Reading/Berks County CoC,395,11,406,156,0,156,551,11,39,0,39,20,1,21,562,130,93,159,227,57%,95%,2929688.4,5
PA-508,Scranton/Lackawanna County CoC,95,5,100,59,0,59,154,5,33,0,33,8,0,8,159,101,18,28,43,39%,98%,3531376,12
PA-509,Eastern Pennsylvania CoC,782,326,1108,870,20,890,1652,346,85,12,97,113,30,143,1998,140,130,181,243,57%,95%,9567395.75,91
PA-510,Lancaster City & County CoC,210,16,226,180,0,180,390,16,30,2,32,15,0,15,406,93,23,37,66,34%,97%,2069339.86,22
PA-511,"Bristol, Bensalem/Bucks County CoC",175,19,194,203,0,203,378,19,10,3,13,11,2,13,397,233,7,19,44,52%,91%,962934.55,25
PA-512,York City & County CoC,137,30,167,154,3,157,291,33,9,2,11,20,1,21,324,61,85,114,185,40%,81%,1062760.9,13
PA-600,"Pittsburgh, McKeesport, Penn Hills/Allegheny County CoC",453,56,509,274,0,274,727,56,112,3,115,34,2,36,783,144,67,93,111,42%,95%,1923200,117
PA-601,Western Pennsylvania CoC,440,31,471,270,7,277,710,38,97,5,102,47,7,54,748,127,84,141,237,65%,100%,9133581.73,46
PA-603,Beaver County CoC,61,6,67,50,0,50,111,6,3,1,4,2,0,2,117,125,16,32,48,61%,88%,1319887.22,3
PA-605,Erie City & County CoC,227,4,231,105,0,105,332,4,27,2,29,14,0,14,336,74,84,115,153,49%,90%,1974388.6,20
PR-502,Puerto Rico Balance of Commonwealth CoC,355,1172,1527,87,29,116,442,1201,5,42,47,9,37,46,1643,214,64,104,127,45%,96%,17068073.59,662
PR-503,South-Southeast Puerto Rico CoC,225,1169,1394,3,142,145,228,1311,13,22,35,6,52,58,1539,225,30,59,92,65%,92%,5596453.22,429
RI-500,Rhode Island Statewide CoC,698,49,747,352,2,354,1050,51,100,3,103,38,1,39,1101,106,137,200,290,41%,96%,7675233.46,264
SC-500,Charleston/Low Country CoC,254,103,357,83,11,94,337,114,106,13,119,8,19,27,451,67,56,90,124,42%,99%,1813388.06,86
SC-501,"Greenville, Anderson, Spartanburg/Upstate CoC",624,292,916,225,44,269,849,336,57,22,79,44,12,56,1185,152,30,53,100,53%,95%,2356612.09,181
SC-502,Columbia/Midlands CoC,766,188,954,239,12,251,1005,200,124,22,146,67,13,80,1205,82,159,242,307,34%,96%,6144396.73,248
SC-503,"Myrtle Beach, Sumter City & County CoC",324,531,855,74,163,237,398,694,33,38,71,51,23,74,1092,74,67,105,136,44%,91%,2115396.19,171
SD-500,South Dakota Statewide CoC,598,238,836,276,47,323,874,285,89,21,110,42,19,61,1159,199,40,60,89,26%,91%,1845997.4,190
TN-500,Chattanooga/Southeast Tennessee CoC,210,288,498,120,5,125,330,293,22,34,56,8,5,13,623,49,22,42,78,44%,96%,2546271.23,322
TN-501,Memphis/Shelby County CoC,776,102,878,348,0,348,1124,102,218,13,231,64,6,70,1226,101,95,173,267,44%,95%,6571011.3,87
TN-502,Knoxville/Knox County CoC,506,168,674,51,18,69,557,186,66,0,66,30,55,85,743,60,169,211,258,71%,89%,2254921,177
TN-503,Central Tennessee CoC,165,20,185,79,4,83,244,24,35,3,38,53,5,58,268,120,18,28,36,47%,78%,1791192.93,46
TN-504,Nashville-Davidson County CoC,1487,616,2103,195,0,195,1682,616,172,87,259,71,14,85,2298,154,59,95,121,72%,86%,7119770.23,637
TN-506,Upper Cumberland CoC,121,29,150,91,17,108,212,46,7,1,8,7,1,8,258,98,4,14,19,70%,95%,612165.96,9
TN-507,Jackson/West Tennessee CoC,85,521,606,37,383,420,122,904,2,3,5,0,52,52,1026,70,7,9,15,82%,97%,1437615.75,72
TN-509,Appalachian Regional CoC,181,110,291,69,0,69,250,110,21,16,37,13,9,22,360,41,23,35,47,29%,95%,1439158,51
TN-510,Murfreesboro/Rutherford County CoC,159,70,229,50,4,54,209,74,6,11,17,3,5,8,283,48,5,14,18,32%,91%,503077,100
TN-512,"Morristown/Blount, Sevier, Campbell, Cocke Counties CoC",163,362,525,135,138,273,298,500,7,18,25,29,55,84,798,54,2,8,17,38%,NA,104155,162
TX-500,San Antonio/Bexar County CoC,912,1353,2265,801,0,801,1713,1353,168,60,228,60,102,162,3066,138,375,553,774,42%,96%,9557503.94,479
TX-503,Austin/Travis County CoC,587,1008,1595,546,6,552,1133,1014,102,68,170,47,51,98,2147,90,114,165,249,27%,94%,17014691.91,498
TX-600,"Dallas City & County, Irving CoC",1853,1334,3187,927,7,934,2780,1341,254,66,320,187,53,240,4121,111,306,456,682,12%,95%,16672088.83,587
TX-601,"Fort Worth, Arlington/Tarrant County CoC",936,669,1605,401,9,410,1337,678,128,31,159,54,33,87,2015,126,129,209,324,20%,100%,15343474.12,278
TX-603,El Paso City & County CoC,395,177,572,320,0,320,715,177,58,23,81,44,21,65,892,90,66,119,191,59%,95%,3614181.45,151
TX-604,Waco/McLennan County CoC,59,58,117,71,0,71,130,58,13,10,23,8,3,11,188,46,11,15,21,14%,90%,958776.27,22
TX-607,Texas Balance of State CoC,1889,3878,5767,1671,200,1871,3560,4078,144,307,451,160,283,443,7638,57,206,322,449,36%,93%,9246847.85,644
TX-611,Amarillo CoC,488,107,595,70,0,70,558,107,38,7,45,34,1,35,665,171,0,0,0,14%,61%,0,47
TX-624,"Wichita Falls/Wise, Palo Pinto, Wichita, Archer Counties CoC",172,40,212,23,3,26,195,43,12,3,15,27,8,35,238,32,0,2,4,31%,100%,278241.51,19
TX-700,"Houston, Pasadena, Conroe/Harris, Ft. Bend, Montgomery, Counties CoC",1548,1614,3162,981,0,981,2529,1614,225,218,443,132,70,202,4143,84,353,544,785,27%,92%,30021139.62,669
TX-701,"Bryan, College Station/Brazos Valley CoC",78,44,122,48,27,75,126,71,0,0,0,1,0,1,197,57,12,15,31,27%,NA,284427.56,10
UT-500,Salt Lake City & County CoC,1048,136,1184,620,0,620,1668,136,180,7,187,103,9,112,1804,77,524,792,1007,17%,94%,9079993.34,227
UT-503,Utah Balance of State CoC,368,237,605,292,2,294,660,239,40,7,47,45,21,66,899,42,212,308,421,43%,87%,1560774.33,56
UT-504,Provo/Mountainland CoC,70,45,115,58,0,58,128,45,2,3,5,9,4,13,173,24,116,160,210,39%,86%,826488.94,23
VA-500,"Richmond/Henrico, Chesterfield, Hanover Counties CoC",381,104,485,124,0,124,505,104,82,10,92,28,8,36,609,47,189,322,416,41%,95%,9428829.77,90
VA-501,"Norfolk/Chesapeake, Suffolk, Isle of Wight, Southampton Counties CoC",482,80,562,211,0,211,693,80,69,8,77,24,2,26,773,63,28,43,85,42%,98%,4788887.01,90
VA-502,"Roanoke City & County, Salem CoC",217,11,228,89,0,89,306,11,37,0,37,10,1,11,317,39,38,81,122,18%,87%,989228,36
VA-503,Virginia Beach CoC,135,63,198,36,9,45,171,72,24,9,33,18,5,23,243,113,25,50,77,59%,94%,1274291.56,40
VA-504,Charlottesville CoC,114,28,142,41,0,41,155,28,9,5,14,8,1,9,183,63,22,40,46,35%,86%,380123,41
VA-505,"Newport News, Hampton/Virginia Peninsula CoC",246,70,316,123,0,123,369,70,52,6,58,18,4,22,439,92,37,57,73,50%,94%,2069930.51,63
VA-507,Portsmouth CoC,56,28,84,51,0,51,107,28,8,4,12,3,0,3,135,NA,0,0,0,NA,NA,921761.4,13
VA-508,Lynchburg CoC,64,20,84,28,0,28,92,20,8,2,10,14,4,18,112,45,18,41,65,39%,83%,358375,8
VA-513,"Harrisburg, Winchester/Western Virginia CoC",192,25,217,84,3,87,276,28,12,3,15,7,0,7,304,61,11,34,42,61%,90%,369777,42
VA-514,"Fredericksburg/Spotsylvania, Stafford Counties CoC",95,33,128,69,3,72,164,36,18,4,22,10,1,11,200,55,47,57,77,45%,91%,308411,36
VA-521,Virginia Balance of State CoC,291,130,421,262,35,297,553,165,28,8,36,22,9,31,718,41,66,128,187,58%,90%,645426.07,38
VA-600,Arlington County CoC,109,35,144,77,0,77,186,35,6,2,8,2,0,2,221,143,19,27,48,57%,96%,1795752.54,57
VA-601,Fairfax County CoC,413,86,499,488,0,488,901,86,22,11,33,51,2,53,987,90,191,305,440,48%,92%,9188950.43,173
VA-602,Loudoun County CoC,62,24,86,48,0,48,110,24,6,0,6,6,1,7,134,77,25,43,56,57%,100%,158565.99,28
VA-603,Alexandria CoC,127,15,142,84,0,84,211,15,8,0,8,7,0,7,226,118,29,41,54,37%,91%,393262.72,60
VA-604,Prince William County CoC,82,110,192,179,3,182,261,113,11,13,24,9,11,20,374,97,47,85,143,52%,92%,608591,82
VI-500,Virgin Islands CoC,108,307,415,71,0,71,179,307,7,17,24,2,2,4,486,220,4,6,9,44%,91%,233003.72,307
VT-500,Vermont Balance of State CoC,473,52,525,394,13,407,867,65,72,7,79,70,8,78,932,208,58,101,137,61%,95%,2663892.44,118
VT-501,Burlington/Chittenden County CoC,238,17,255,104,0,104,342,17,24,1,25,23,0,23,359,96,9,18,35,49%,89%,593358.77,42
WA-500,Seattle/King County CoC,3247,6241,9488,2545,79,2624,5792,6320,392,529,921,384,1134,1518,12112,146,285,443,667,34%,95%,41719150.33,3552
WA-501,Washington Balance of State CoC,1669,2061,3730,1508,428,1936,3177,2489,215,175,390,206,150,356,5666,106,348,539,783,47%,91%,9392624.6,1493
WA-501,Washington Balance of State CoC,1669,2061,3730,1508,428,1936,3177,2489,215,175,390,206,150,356,5666,106,348,539,783,47%,91%,602991,1493
WA-502,Spokane City & County CoC,622,295,917,313,15,328,935,310,67,29,96,68,33,101,1245,68,103,195,323,53%,94%,4268950.24,265
WA-503,"Tacoma, Lakewood/Pierce County CoC",494,730,1224,384,20,404,878,750,60,80,140,47,49,96,1628,113,124,204,301,40%,92%,3395626.05,366
WA-504,Everett/Snohomish County CoC,267,345,612,213,33,246,480,378,20,32,52,39,31,70,858,116,78,103,146,42%,91%,757904.18,367
WA-508,Vancouver/Clark County CoC,220,233,453,201,141,342,421,374,16,21,37,19,24,43,795,115,79,123,157,45%,92%,1197211.74,115
WI-500,Wisconsin Balance of State CoC,1390,107,1497,1630,20,1650,3020,127,161,4,165,126,6,132,3147,87,669,999,1420,51%,95%,7182356.44,285
WI-501,Milwaukee City & County CoC,502,156,658,208,5,213,710,161,79,6,85,56,21,77,871,60,328,455,600,53%,96%,11931922.7,96
WI-502,Racine City & County CoC,166,10,176,99,0,99,265,10,38,0,38,5,1,6,275,75,27,39,57,47%,98%,855853,22
WI-503,Madison/Dane County CoC,325,84,409,205,0,205,530,84,43,1,44,28,3,31,614,65,112,147,209,32%,93%,3681158,124
WV-500,"Wheeling, Weirton Area CoC",73,10,83,25,0,25,98,10,6,2,8,6,0,6,108,79,58,80,98,45%,93%,403829,21
WV-501,"Huntington/Cabell, Wayne Counties CoC",128,21,149,41,0,41,169,21,12,2,14,7,4,11,190,53,97,134,173,38%,97%,2657836.05,6
WV-503,"Charleston/Kanawha, Putnam, Boone, Clay Counties CoC",219,57,276,41,0,41,260,57,11,5,16,19,1,20,317,74,144,200,252,75%,95%,2663619.44,31
WV-508,West Virginia Balance of State CoC,422,91,513,111,4,115,533,95,77,16,93,20,4,24,628,61,210,308,424,45%,88%,3068834.65,96
WY-500,Wyoming Statewide CoC,299,135,434,141,64,205,440,199,47,0,47,68,14,82,639,69,112,169,219,35%,95%,855848.75,46